1990.08 -6.5645518E+00
1990.17  6.0708652E+00
1990.25 -2.0589759E+00
1990.33 -3.4098896E-01
1990.42  1.3962092E-02
1990.50  7.5148386E-01
1990.58  8.9410663E-01
1990.67  8.0958301E-01
1990.75  8.1692821E-01
1990.83 -5.4284975E-02
1990.92 -1.7364217E+00
1991.00 -1.8695710E+00
1991.08  2.1026664E+00
1991.17  3.7981441E+00
1991.25  2.5930399E-01
1991.33  5.5646572E+00
1991.42  1.1045244E-01
1991.50  8.6424828E-02
1991.58  3.6081284E-01
1991.67  8.3164376E-01
1991.75  1.2209362E+00
1991.83  9.3184555E-01
1991.92 -5.7764816E-01
1992.00 -1.5332855E+00
1992.08  6.0314779E+00
1992.17  5.1611023E+00
1992.25  1.1762758E+00
1992.33  8.4609823E+00
1992.42  2.1820467E+00
1992.50  1.1937461E+00
1992.58  8.1831908E-01
1992.67  9.8823863E-01
1992.75  1.2427726E+00
1992.83  1.6649603E+00
1992.92  1.6708535E+00
1993.00 -1.0668393E+00
1993.08 -5.7729316E+00
1993.17 -5.2921915E+00
1993.25  6.2033916E+00
1993.33  2.8933032E+00
1993.42  5.4112738E-01
1993.50  1.9822735E-01
1993.58  3.6673260E-01
1993.67  1.7225520E-01
1993.75  9.2524558E-01
1993.83  4.4172791E-01
1993.92  2.7061203E+00
1994.00  8.3190674E-01
1994.08  5.8281994E+00
1994.17 -4.4655886E+00
1994.25 -7.4576502E+00
1994.33  5.9919453E+00
1994.42  5.4635935E+00
1994.50  1.0321263E+00
1994.58  8.1557029E-01
1994.67  6.5613091E-01
1994.75  7.5735050E-01
1994.83  1.0199959E-01
1994.92 -1.1859665E+00
1995.00 -2.7193031E-01
1995.08 -6.8115749E+00
1995.17  6.2179465E+00
1995.25 -1.7806360E+00
1995.33 -9.1087735E-01
1995.42  1.6972198E+00
1995.50 -4.3826539E-02
1995.58  2.4472925E-01
1995.67 -1.9551371E-01
1995.75  2.8689623E-01
1995.83 -7.4231908E-02
1995.92 -6.4707744E-01
1996.00 -1.0646113E+00
1996.08 -7.9624667E+00
1996.17 -8.0917025E+00
1996.25 -5.4495182E+00
1996.33  4.9540405E+00
1996.42  3.6672051E+00
1996.50  1.2553694E+00
1996.58  2.7495798E-01
1996.67  5.4342145E-01
1996.75  5.7929248E-01
1996.83 -3.4240320E-01
1996.92 -9.7490311E-01
1997.00  2.7359581E+00
1997.08  2.3530846E+00
1997.17 -7.1241317E+00
1997.25 -1.3482565E+01
1997.33 -1.2224956E+01
1997.42 -2.9992249E+00
1997.50  4.1478934E+00
1997.58  7.6643616E-01
1997.67  1.2332467E-01
1997.75  5.2235629E-02
1997.83 -1.0864671E-02
1997.92 -1.1515721E+00
1998.00 -2.4603615E+00
1998.08  3.0322719E+00
1998.17  7.8867874E+00
1998.25 -9.3901284E-02
1998.33  3.0596870E-01
1998.42  3.1857071E+00
1998.50  2.7304998E-01
1998.58 -5.6055826E-01
1998.67  1.9360688E-01
1998.75  5.9526640E-01
1998.83  7.7515566E-01
1998.92  1.2080137E+00
1999.00  1.0474525E-01
1999.08  4.0464325E+00
1999.17  8.7711344E+00
1999.25 -8.5356684E+00
1999.33  8.0742617E+00
1999.42 -1.3977008E+00
1999.50 -3.9264607E+00
1999.58 -1.3726140E+00
1999.67 -3.4665692E-01
1999.75 -4.0913188E-01
1999.83  3.7070164E-01
1999.92 -5.8149613E-02
2000.00 -2.1188848E+00
2000.08 -2.9007423E+00
2000.17 -8.5196295E+00
2000.25 -4.3519039E+00
2000.33 -4.2265916E+00
2000.42  5.0825825E+00
2000.50  1.9378432E+00
2000.58 -8.6358808E-02
2000.67  5.6601942E-01
2000.75  2.7238318E-01
2000.83  2.8336284E-01
2000.92 -3.9889626E-02
2001.00 -4.9590874E-01
2001.08  5.5345569E+00
2001.17  4.1241097E+00
2001.25 -2.7246611E+00
2001.33  7.7220221E+00
2001.42 -3.3011162E+00
2001.50 -5.9529567E+00
2001.58 -2.1417949E+00
2001.67 -1.3075925E-01
2001.75  2.6094592E-01
2001.83  4.2978001E-01
2001.92  8.4618443E-01
2002.00 -5.7312340E-01
2002.08 -1.0753411E+00
2002.17  7.2884202E+00
2002.25  9.2259769E+00
2002.33  6.0399427E+00
2002.42 -8.6559236E-01
2002.50 -2.5687470E+00
2002.58 -1.4956565E-01
2002.67  5.6428131E-02
2002.75  1.2234835E-01
2002.83 -3.9370748E-01
2002.92 -7.1641877E-02
2003.00 -2.3010623E+00
2003.08 -4.5611334E+00
2003.17 -2.4623175E+00
2003.25  8.4027500E+00
2003.33  3.8337643E+00
2003.42  1.1264837E+00
2003.50  3.3555787E+00
2003.58  2.8148432E+00
2003.67  6.1692643E-01
2003.75  6.7496568E-01
2003.83  2.6677406E-01
2003.92  5.2234173E-01
2004.00  9.2215598E-01
2004.08 -1.3037822E+00
2004.17 -5.9697175E-01
2004.25  1.4752412E+01
2004.33  3.2637474E-01
2004.42 -8.0774508E+00
2004.50 -9.7969408E+00
2004.58 -6.6095567E-01
2004.67  4.8903826E-01
2004.75 -7.6626293E-02
2004.83 -4.0035391E-01
2004.92 -1.3764620E-01
2005.00 -1.2830842E+00
2005.08  1.1304058E+00
2005.17 -1.7802582E+00
2005.25 -7.3774118E+00
2005.33 -8.9615669E+00
2005.42  3.0869067E+00
2005.50  7.4536686E+00
2005.58  3.4490440E-02
2005.67 -2.5603719E-02
2005.75  7.4046022E-01
2005.83  2.0692196E-01
2005.92  1.8411233E-01
2006.00 -8.4289438E-01
2006.08  2.8965852E+00
2006.17 -6.3099933E-01
2006.25  1.1198665E+00
2006.33  1.5373612E+01
2006.42 -4.0114679E+00
2006.50 -7.9254627E+00
2006.58 -5.8233743E+00
2006.67 -7.5581890E-01
2006.75  8.8579106E-01
2006.83  3.3463123E-01
2006.92  1.2148593E-01
2007.00 -5.4605734E-01
2007.08  2.5177345E+00
2007.17 -4.2238135E+00
2007.25  9.4531667E-01
2007.33 -3.8821797E+00
2007.42  1.4175197E+00
2007.50 -4.5763916E-01
2007.58  2.2554777E+00
2007.67  1.1283387E+00
2007.75  1.4363232E-01
2007.83 -4.4326350E-02
2007.92  1.8047288E-01
2008.00 -3.5336122E-02
2008.08  1.2314776E+00
2008.17  2.4328496E-01
2008.25 -5.8414807E+00
2008.33 -3.6985564E+00
2008.42  4.8897328E+00
2008.50  6.1346984E+00
2008.58 -2.9795239E+00
2008.67 -3.1752477E+00
2008.75 -2.2632582E-01
2008.83  2.0195529E-01
2008.92  6.0236776E-01
2009.00  8.1390485E-02
2009.08 -1.1042539E+00
2009.17 -6.6624010E-01
2009.25  6.1213177E-01
2009.33 -4.5072455E+00
2009.42  1.4175577E+01
2009.50 -4.6844563E+00
2009.58 -7.9714990E+00
2009.67 -2.7366116E+00
2009.75 -2.7540386E-01
2009.83  1.6544224E-01
2009.92 -1.6529392E-01
2010.00 -5.8119603E-02
2010.08 -9.8450530E-01
2010.17  4.1632743E+00
2010.25  1.6199788E+00
2010.33 -8.2453671E+00
2010.42  8.7278538E+00
2010.50  2.9866343E+00
2010.58  5.2228365E-02
2010.67 -1.6123993E+00
2010.75 -1.6749017E-01
2010.83  4.5829418E-01
2010.92  1.4597416E-01
2011.00  3.3229297E-01
2011.08 -2.5128427E-01
2011.17  6.7428297E-01
2011.25 -2.2603478E+00
2011.33 -3.6213765E+00
2011.42 -7.1997771E+00
2011.50 -1.2907423E+01
2011.58  1.1416113E+00
2011.67  6.0820298E+00
2011.75  1.2675823E-01
2011.83 -1.3331863E-01
2011.92 -4.1369039E-01
2012.00  1.4406364E-01
