1990.08 4.0545117E-10
1990.17 4.1242659E-10
1990.25 4.1158826E-10
1990.33 4.0262452E-10
1990.42 3.9058659E-10
1990.50 3.8424419E-10
1990.58 3.8870979E-10
1990.67 4.0115361E-10
1990.75 4.0952780E-10
1990.83 4.1236836E-10
1990.92 4.0668188E-10
1991.00 4.0446826E-10
1991.08 4.0709328E-10
1991.17 4.1463635E-10
1991.25 4.1353751E-10
1991.33 4.0723100E-10
1991.42 3.9451423E-10
1991.50 3.8685388E-10
1991.58 3.8662215E-10
1991.67 3.9610437E-10
1991.75 4.0533182E-10
1991.83 4.0889162E-10
1991.92 4.0669643E-10
1992.00 4.0152323E-10
1992.08 4.0123199E-10
1992.17 4.1103895E-10
1992.25 4.1642254E-10
1992.33 4.0933540E-10
1992.42 3.9612938E-10
1992.50 3.8732625E-10
1992.58 3.8805245E-10
1992.67 3.9347819E-10
1992.75 4.0339387E-10
1992.83 4.0890358E-10
1992.92 4.0663350E-10
1993.00 4.0308384E-10
1993.08 4.0551063E-10
1993.17 4.1210010E-10
1993.25 4.1828313E-10
1993.33 4.1403878E-10
1993.42 4.0191891E-10
1993.50 3.9073172E-10
1993.58 3.8844952E-10
1993.67 3.9405687E-10
1993.75 4.0479775E-10
1993.83 4.1157497E-10
1993.92 4.1080803E-10
1994.00 4.0673007E-10
1994.08 4.0420475E-10
1994.17 4.0925963E-10
1994.25 4.1383522E-10
1994.33 4.1039716E-10
1994.42 4.0048417E-10
1994.50 3.8964626E-10
1994.58 3.8328499E-10
1994.67 3.8909362E-10
1994.75 3.9786907E-10
1994.83 4.0630779E-10
1994.92 4.0710280E-10
1995.00 4.0364639E-10
1995.08 4.0153314E-10
1995.17 4.0604456E-10
1995.25 4.1465290E-10
1995.33 4.1287415E-10
1995.42 4.0303727E-10
1995.50 3.9088971E-10
1995.58 3.8605821E-10
1995.67 3.8915859E-10
1995.75 3.9854045E-10
1995.83 4.0730777E-10
1995.92 4.0941744E-10
1996.00 4.0648318E-10
1996.08 4.0316345E-10
1996.17 4.0523154E-10
1996.25 4.1048734E-10
1996.33 4.1051698E-10
1996.42 4.0399756E-10
1996.50 3.9191234E-10
1996.58 3.8313966E-10
1996.67 3.8422232E-10
1996.75 3.9287248E-10
1996.83 4.0174303E-10
1996.92 4.0430626E-10
1997.00 4.0082612E-10
1997.08 3.9779172E-10
1997.17 4.0287812E-10
1997.25 4.0930159E-10
1997.33 4.0987855E-10
1997.42 4.0220113E-10
1997.50 3.9213968E-10
1997.58 3.8315009E-10
1997.67 3.8364004E-10
1997.75 3.9328929E-10
1997.83 4.0368922E-10
1997.92 4.0713419E-10
1998.00 4.0468454E-10
1998.08 3.9869463E-10
1998.17 3.9928330E-10
1998.25 4.0451645E-10
1998.33 4.1038151E-10
1998.42 4.0632767E-10
1998.50 3.9448819E-10
1998.58 3.8445180E-10
1998.67 3.8291054E-10
1998.75 3.8946840E-10
1998.83 3.9955317E-10
1998.92 4.0450135E-10
1999.00 4.0239592E-10
1999.08 3.9866174E-10
1999.17 3.9668926E-10
1999.25 4.0437123E-10
1999.33 4.1087844E-10
1999.42 4.0574116E-10
1999.50 3.9412912E-10
1999.58 3.8481396E-10
1999.67 3.8322051E-10
1999.75 3.8888873E-10
1999.83 4.0075709E-10
1999.92 4.0784176E-10
2000.00 4.0805459E-10
2000.08 4.0538348E-10
2000.17 4.0368611E-10
2000.25 4.0718667E-10
2000.33 4.1334178E-10
2000.42 4.1187473E-10
2000.50 4.0041181E-10
2000.58 3.9030684E-10
2000.67 3.8604026E-10
2000.75 3.9281003E-10
2000.83 4.0253581E-10
2000.92 4.1069173E-10
2001.00 4.1156134E-10
2001.08 4.0988107E-10
2001.17 4.0518927E-10
2001.25 4.0673090E-10
2001.33 4.1453130E-10
2001.42 4.1261139E-10
2001.50 4.0301398E-10
2001.58 3.8984069E-10
2001.67 3.8561038E-10
2001.75 3.8956666E-10
2001.83 3.9797055E-10
2001.92 4.0864223E-10
2002.00 4.1012366E-10
2002.08 4.0605375E-10
2002.17 4.0361317E-10
2002.25 4.0734960E-10
2002.33 4.1354981E-10
2002.42 4.1373702E-10
2002.50 4.0371215E-10
2002.58 3.9196585E-10
2002.67 3.8437908E-10
2002.75 3.8619474E-10
2002.83 3.9414155E-10
2002.92 4.0353931E-10
2003.00 4.0794421E-10
2003.08 4.0374173E-10
2003.17 3.9875911E-10
2003.25 3.9734649E-10
2003.33 4.0634046E-10
2003.42 4.0699236E-10
2003.50 4.0055617E-10
2003.58 3.8837927E-10
2003.67 3.7913472E-10
2003.75 3.7867071E-10
2003.83 3.8551010E-10
2003.92 3.9491022E-10
2004.00 4.0041137E-10
2004.08 3.9845838E-10
2004.17 3.9342526E-10
2004.25 3.9359710E-10
2004.33 4.0222597E-10
2004.42 4.0692164E-10
2004.50 4.0122394E-10
2004.58 3.8770664E-10
2004.67 3.7750805E-10
2004.75 3.7809494E-10
2004.83 3.8522663E-10
2004.92 3.9749531E-10
2005.00 4.0207002E-10
2005.08 4.0156392E-10
2005.17 3.9779052E-10
2005.25 3.9462428E-10
2005.33 4.0176742E-10
2005.42 4.0767645E-10
2005.50 4.0498771E-10
2005.58 3.9353509E-10
2005.67 3.8393028E-10
2005.75 3.7972420E-10
2005.83 3.8073480E-10
2005.92 3.9211839E-10
2006.00 3.9813200E-10
2006.08 3.9802700E-10
2006.17 3.9377515E-10
2006.25 3.9067663E-10
2006.33 3.9786066E-10
2006.42 4.0441436E-10
2006.50 4.0205664E-10
2006.58 3.9216339E-10
2006.67 3.7984821E-10
2006.75 3.7426529E-10
2006.83 3.7995149E-10
2006.92 3.9179776E-10
2007.00 4.0110215E-10
2007.08 4.0077910E-10
2007.17 3.9827930E-10
2007.25 3.9347905E-10
2007.33 3.9858175E-10
2007.42 4.0542320E-10
2007.50 4.0471787E-10
2007.58 3.9658715E-10
2007.67 3.8517534E-10
2007.75 3.7825587E-10
2007.83 3.8077558E-10
2007.92 3.8808473E-10
2008.00 3.9575643E-10
2008.08 3.9842066E-10
2008.17 3.9648906E-10
2008.25 3.9449263E-10
2008.33 3.9673601E-10
2008.42 4.0445827E-10
2008.50 4.0610140E-10
2008.58 3.9744746E-10
2008.67 3.8512149E-10
2008.75 3.7806117E-10
2008.83 3.7953632E-10
2008.92 3.8929041E-10
2009.00 3.9902603E-10
2009.08 4.0328241E-10
2009.17 4.0122000E-10
2009.25 3.9668877E-10
2009.33 3.9796155E-10
2009.42 4.0743522E-10
2009.50 4.0891568E-10
2009.58 4.0296178E-10
2009.67 3.9098469E-10
2009.75 3.8240061E-10
2009.83 3.8020787E-10
2009.92 3.8802883E-10
2010.00 3.9878606E-10
2010.08 4.0509016E-10
2010.17 4.0263218E-10
2010.25 3.9815870E-10
2010.33 3.9634540E-10
2010.42 4.0369377E-10
2010.50 4.0954190E-10
2010.58 4.0467221E-10
2010.67 3.9389408E-10
2010.75 3.8378856E-10
2010.83 3.8035902E-10
2010.92 3.8594458E-10
2011.00 3.9725728E-10
2011.08 4.0240539E-10
2011.17 4.0249834E-10
2011.25 3.9788486E-10
2011.33 4.0029899E-10
2011.42 4.1091108E-10
2011.50 4.1631562E-10
2011.58 4.1224307E-10
2011.67 4.0122261E-10
2011.75 3.9001180E-10
2011.83 3.8679793E-10
2011.92 3.9237621E-10
2012.00 4.0331175E-10
