NTime  264 NIMF  8

       Time       RawData
  1990.0800         45.74
  1990.1700         45.67
  1990.2500         46.43
  1990.3300         46.46
  1990.4200         45.84
  1990.5000         45.49
  1990.5800         45.22
  1990.6700         44.78
  1990.7500         45.42
  1990.8300         45.74
  1990.9200         46.04
  1991.0000         46.04
  1991.0800         45.18
  1991.1700         44.77
  1991.2500         44.57
  1991.3300         44.25
  1991.4200         43.80
  1991.5000         44.05
  1991.5800         44.35
  1991.6700         44.97
  1991.7500         46.02
  1991.8300         47.15
  1991.9200         47.50
  1992.0000         47.08
  1992.0800         46.36
  1992.1700         46.25
  1992.2500         46.76
  1992.3300         46.64
  1992.4200         46.10
  1992.5000         45.75
  1992.5800         45.44
  1992.6700         46.03
  1992.7500         46.76
  1992.8300         47.09
  1992.9200         47.37
  1993.0000         46.63
  1993.0800         46.23
  1993.1700         45.70
  1993.2500         45.66
  1993.3300         45.69
  1993.4200         45.51
  1993.5000         45.27
  1993.5800         45.49
  1993.6700         45.81
  1993.7500         46.23
  1993.8300         46.72
  1993.9200         46.49
  1994.0000         46.01
  1994.0800         45.13
  1994.1700         45.09
  1994.2500         45.24
  1994.3300         45.21
  1994.4200         44.91
  1994.5000         44.39
  1994.5800         44.63
  1994.6700         45.13
  1994.7500         46.14
  1994.8300         46.81
  1994.9200         47.16
  1995.0000         46.30
  1995.0800         46.86
  1995.1700         45.90
  1995.2500         45.80
  1995.3300         46.05
  1995.4200         45.53
  1995.5000         45.16
  1995.5800         45.33
  1995.6700         45.83
  1995.7500         46.18
  1995.8300         46.89
  1995.9200         46.97
  1996.0000         46.59
  1996.0800         46.88
  1996.1700         46.40
  1996.2500         45.91
  1996.3300         45.74
  1996.4200         45.85
  1996.5000         45.54
  1996.5800         44.95
  1996.6700         45.17
  1996.7500         45.69
  1996.8300         46.61
  1996.9200         47.26
  1997.0000         47.19
  1997.0800         46.80
  1997.1700         46.53
  1997.2500         46.72
  1997.3300         47.27
  1997.4200         46.96
  1997.5000         46.30
  1997.5800         45.91
  1997.6700         45.81
  1997.7500         45.36
  1997.8300         45.62
  1997.9200         45.99
  1998.0000         45.97
  1998.0800         45.70
  1998.1700         45.26
  1998.2500         45.23
  1998.3300         45.34
  1998.4200         45.18
  1998.5000         44.59
  1998.5800         44.28
  1998.6700         44.36
  1998.7500         45.08
  1998.8300         46.05
  1998.9200         46.97
  1999.0000         46.76
  1999.0800         46.29
  1999.1700         45.94
  1999.2500         46.37
  1999.3300         46.04
  1999.4200         46.65
  1999.5000         46.13
  1999.5800         45.54
  1999.6700         45.27
  1999.7500         45.64
  1999.8300         46.08
  1999.9200         46.46
  2000.0000         46.62
  2000.0800         46.50
  2000.1700         46.03
  2000.2500         45.50
  2000.3300         45.59
  2000.4200         45.18
  2000.5000         45.12
  2000.5800         44.73
  2000.6700         44.93
  2000.7500         45.62
  2000.8300         46.23
  2000.9200         46.71
  2001.0000         46.62
  2001.0800         46.11
  2001.1700         45.56
  2001.2500         45.30
  2001.3300         45.50
  2001.4200         46.10
  2001.5000         45.90
  2001.5800         45.29
  2001.6700         45.36
  2001.7500         46.30
  2001.8300         46.98
  2001.9200         47.42
  2002.0000         47.60
  2002.0800         47.41
  2002.1700         45.86
  2002.2500         44.83
  2002.3300         45.09
  2002.4200         45.57
  2002.5000         45.84
  2002.5800         45.06
  2002.6700         44.27
  2002.7500         43.84
  2002.8300         44.24
  2002.9200         44.61
  2003.0000         44.91
  2003.0800         45.27
  2003.1700         45.41
  2003.2500         44.60
  2003.3300         44.75
  2003.4200         44.99
  2003.5000         44.65
  2003.5800         44.37
  2003.6700         44.48
  2003.7500         44.92
  2003.8300         45.69
  2003.9200         46.18
  2004.0000         46.75
  2004.0800         46.76
  2004.1700         45.71
  2004.2500         45.25
  2004.3300         45.92
  2004.4200         46.42
  2004.5000         46.55
  2004.5800         45.69
  2004.6700         45.09
  2004.7500         45.06
  2004.8300         44.67
  2004.9200         45.15
  2005.0000         45.80
  2005.0800         45.78
  2005.1700         45.86
  2005.2500         45.99
  2005.3300         45.88
  2005.4200         45.44
  2005.5000         45.06
  2005.5800         44.53
  2005.6700         44.00
  2005.7500         44.15
  2005.8300         44.64
  2005.9200         45.54
  2006.0000         45.88
  2006.0800         46.17
  2006.1700         45.88
  2006.2500         45.35
  2006.3300         45.74
  2006.4200         46.89
  2006.5000         47.34
  2006.5800         47.05
  2006.6700         46.03
  2006.7500         45.62
  2006.8300         45.60
  2006.9200         45.72
  2007.0000         46.28
  2007.0800         46.52
  2007.1700         46.43
  2007.2500         45.97
  2007.3300         45.68
  2007.4200         45.10
  2007.5000         45.07
  2007.5800         44.93
  2007.6700         44.33
  2007.7500         44.85
  2007.8300         44.87
  2007.9200         46.02
  2008.0000         46.69
  2008.0800         46.69
  2008.1700         46.87
  2008.2500         46.72
  2008.3300         46.58
  2008.4200         46.24
  2008.5000         46.47
  2008.5800         46.72
  2008.6700         46.02
  2008.7500         45.66
  2008.8300         45.83
  2008.9200         46.54
  2009.0000         47.00
  2009.0800         46.48
  2009.1700         46.34
  2009.2500         45.99
  2009.3300         45.81
  2009.4200         45.06
  2009.5000         45.60
  2009.5800         45.50
  2009.6700         44.71
  2009.7500         44.69
  2009.8300         45.56
  2009.9200         46.61
  2010.0000         47.30
  2010.0800         47.51
  2010.1700         46.96
  2010.2500         45.94
  2010.3300         45.44
  2010.4200         45.13
  2010.5000         45.94
  2010.5800         45.64
  2010.6700         45.34
  2010.7500         45.36
  2010.8300         45.85
  2010.9200         45.82
  2011.0000         46.95
  2011.0800         47.32
  2011.1700         46.97
  2011.2500         46.30
  2011.3300         45.35
  2011.4200         45.22
  2011.5000         45.24
  2011.5800         45.41
  2011.6700         45.03
  2011.7500         44.95
  2011.8300         45.26
  2011.9200         46.06
  2012.0000         46.74

       Time         IMF1          IMF2          IMF3          IMF4          IMF5          IMF6          IMF7      Residual
  1990.0800      -0.2915       -0.1434        0.8385       -0.1922      -0.06315      -0.07896      0.001305         45.67
  1990.1700      -0.4067      -0.04611        0.8184       -0.2377      -0.05732      -0.07020      0.001909         45.67
  1990.2500       0.3752      0.005538        0.7595       -0.2732      -0.05169      -0.06155      0.002493         45.67
  1990.3300       0.5276     -0.008888        0.6680       -0.2994      -0.04627      -0.05302      0.003059         45.67
  1990.4200       0.1273       -0.1028        0.5500       -0.3167      -0.04106      -0.04461      0.003606         45.67
  1990.5000      0.04858       -0.2459        0.4119       -0.3259      -0.03605      -0.03633      0.004135         45.67
  1990.5800      0.02659       -0.3319        0.2598       -0.3275      -0.03125      -0.02816      0.004646         45.67
  1990.6700      -0.4074       -0.2218       0.09992       -0.3220      -0.02664      -0.02012      0.005138         45.68
  1990.7500    -0.009388        0.1340      -0.06209       -0.3101      -0.02223      -0.01220      0.005613         45.68
  1990.8300      0.02236        0.5701       -0.2210       -0.2923      -0.01801     -0.004400      0.006070         45.68
  1990.9200       0.1685        0.8381       -0.3715       -0.2692      -0.01398      0.003276      0.006510         45.68
  1991.0000       0.2951        0.7885       -0.5085       -0.2413      -0.01014       0.01083      0.006932         45.68
  1991.0800      -0.1719        0.4736       -0.6265       -0.2093     -0.006492       0.01826      0.007338         45.68
  1991.1700      -0.1102       0.07380       -0.7187       -0.1737     -0.003022       0.02556      0.007726         45.69
  1991.2500      0.05056       -0.3044       -0.7778       -0.1349     0.0002658       0.03274      0.008098         45.69
  1991.3300      0.06574       -0.6510       -0.7965      -0.09372      0.003376       0.03979      0.008453         45.69
  1991.4200      -0.2269       -0.9132       -0.7675      -0.05051      0.006309       0.04672      0.008792         45.69
  1991.5000     -0.03196       -0.9716       -0.6863     -0.005922      0.009070       0.05352      0.009115         45.69
  1991.5800      -0.1492       -0.7427       -0.5575       0.03933       0.01166       0.06019      0.009422         45.69
  1991.6700      -0.2481       -0.2611       -0.3959       0.08447       0.01408       0.06674      0.009713         45.69
  1991.7500     -0.02473        0.3256       -0.2200        0.1287       0.01633       0.07315      0.009989         45.70
  1991.8300       0.4248        0.7986      -0.04838        0.1713       0.01843       0.07944       0.01025         45.70
  1991.9200       0.4100        0.9636        0.1003        0.2115       0.02036       0.08560       0.01049         45.70
  1992.0000     -0.01392        0.8016        0.2117        0.2484       0.02213       0.09163       0.01072         45.70
  1992.0800      -0.5232        0.4829        0.2821        0.2814       0.02374       0.09754       0.01094         45.70
  1992.1700      -0.4074        0.1763        0.3126        0.3100       0.02521        0.1033       0.01114         45.70
  1992.2500       0.3437      -0.06823        0.3102        0.3334       0.02652        0.1089       0.01133         45.71
  1992.3300       0.4376       -0.2875        0.2918        0.3513       0.02768        0.1145       0.01150         45.71
  1992.4200       0.1185       -0.5281        0.2732        0.3630       0.02870        0.1198       0.01166         45.71
  1992.5000     -0.02486       -0.7201        0.2598        0.3683       0.02957        0.1251       0.01180         45.71
  1992.5800      -0.3817       -0.6882        0.2539        0.3667       0.03030        0.1302       0.01193         45.71
  1992.6700      -0.1335       -0.3384        0.2553        0.3583       0.03090        0.1352       0.01205         45.71
  1992.7500      0.08611        0.1757        0.2556        0.3434       0.03136        0.1400       0.01215         45.71
  1992.8300      0.03683        0.5884        0.2437        0.3222       0.03168        0.1447       0.01225         45.72
  1992.9200       0.2974        0.6672        0.2098        0.2951       0.03189        0.1493       0.01232         45.72
  1993.0000      -0.1003        0.4051        0.1523        0.2625       0.03199        0.1537       0.01239         45.72
  1993.0800     -0.02129       0.03098       0.07956        0.2249       0.03201        0.1580       0.01244         45.72
  1993.1700      -0.1820       -0.2347      0.002621        0.1824       0.03196        0.1622       0.01248         45.72
  1993.2500    -0.007902       -0.3410      -0.06580        0.1354       0.03188        0.1662       0.01251         45.72
  1993.3300       0.1552       -0.3752       -0.1083       0.08457       0.03180        0.1701       0.01253         45.72
  1993.4200      0.05247       -0.4195       -0.1100       0.03068       0.03174        0.1739       0.01253         45.73
  1993.5000      -0.1449       -0.4247      -0.07126      -0.02517       0.03173        0.1775       0.01252         45.73
  1993.5800     -0.06846       -0.2934     -0.005060      -0.08163       0.03180        0.1810       0.01251         45.73
  1993.6700     -0.06566     -0.008995       0.06900       -0.1373       0.03196        0.1843       0.01248         45.73
  1993.7500     -0.02056        0.3350        0.1284       -0.1907       0.03224        0.1875       0.01244         45.73
  1993.8300       0.2571        0.5646        0.1503       -0.2406       0.03265        0.1906       0.01239         45.73
  1993.9200       0.1639        0.5248        0.1172       -0.2858       0.03322        0.1935       0.01232         45.73
  1994.0000      0.05027        0.2489       0.03274       -0.3253       0.03398        0.1963       0.01225         45.74
  1994.0800      -0.3676      -0.04725      -0.08672       -0.3584       0.03494        0.1989       0.01217         45.74
  1994.1700      -0.1111       -0.1734       -0.2212       -0.3842       0.03613        0.2014       0.01208         45.74
  1994.2500       0.1557       -0.1702       -0.3439       -0.4022       0.03758        0.2038       0.01197         45.74
  1994.3300       0.2693       -0.2232       -0.4222       -0.4117       0.03931        0.2060       0.01186         45.74
  1994.4200       0.1694       -0.4178       -0.4347       -0.4120       0.04134        0.2081       0.01174         45.74
  1994.5000      -0.2422       -0.6104       -0.3818       -0.4035       0.04365        0.2100       0.01161         45.74
  1994.5800      -0.1516       -0.5688       -0.2722       -0.3870       0.04624        0.2118       0.01147         45.75
  1994.6700      -0.1969       -0.2038       -0.1229       -0.3638       0.04910        0.2134       0.01132         45.75
  1994.7500      0.07562        0.3248       0.04131       -0.3355       0.05220        0.2149       0.01117         45.75
  1994.8300       0.1575        0.7276        0.1938       -0.3032       0.05551        0.2162       0.01100         45.75
  1994.9200       0.3172        0.7830        0.3098       -0.2682       0.05903        0.2174       0.01083         45.75
  1995.0000      -0.4132        0.5408        0.3753       -0.2320       0.06271        0.2185       0.01064         45.75
  1995.0800       0.4091        0.2206        0.3913       -0.1954       0.06654        0.2194       0.01045         45.75
  1995.1700      -0.3073      -0.04180        0.3667       -0.1594       0.07047        0.2201       0.01025         45.75
  1995.2500      -0.1700       -0.2595        0.3147       -0.1243       0.07446        0.2207       0.01005         45.76
  1995.3300       0.3001       -0.4788        0.2501      -0.09068       0.07844        0.2212      0.009836         45.76
  1995.4200      0.04475       -0.7230        0.1857      -0.05874       0.08234        0.2215      0.009616         45.76
  1995.5000      -0.1594       -0.8714        0.1285      -0.02874       0.08606        0.2217      0.009389         45.76
  1995.5800     -0.08724       -0.7552       0.08113    -0.0007192       0.08950        0.2217      0.009156         45.76
  1995.6700      0.03221       -0.3643       0.04220       0.02554       0.09255        0.2215      0.008915         45.76
  1995.7500      -0.1159        0.1482      0.005769       0.05036       0.09507        0.2212      0.008668         45.76
  1995.8300       0.1910        0.5692      -0.03494       0.07407       0.09697        0.2208      0.008415         45.76
  1995.9200      0.09168        0.7659      -0.08612       0.09701       0.09810        0.2202      0.008156         45.77
  1996.0000      -0.2459        0.7648       -0.1514        0.1195       0.09838        0.2194      0.007891         45.77
  1996.0800       0.2287        0.6493       -0.2295        0.1416       0.09769        0.2185      0.007620         45.77
  1996.1700    0.0009170        0.4517       -0.3138        0.1633       0.09596        0.2175      0.007344         45.77
  1996.2500      -0.1958        0.2188       -0.3943        0.1843       0.09314        0.2163      0.007063         45.77
  1996.3300      -0.1060       0.01200       -0.4595        0.2043       0.08921        0.2149      0.006777         45.77
  1996.4200       0.2519       -0.1974       -0.4954        0.2233       0.08416        0.2134      0.006485         45.77
  1996.5000       0.1411       -0.4383       -0.4892        0.2411       0.07800        0.2117      0.006189         45.77
  1996.5800      -0.3055       -0.6187       -0.4319        0.2575       0.07078        0.2099      0.005889         45.78
  1996.6700      -0.2220       -0.5867       -0.3201        0.2719       0.06255        0.2079      0.005584         45.78
  1996.7500      -0.1596       -0.3006       -0.1637        0.2834       0.05338        0.2057      0.005275         45.78
  1996.8300       0.1651       0.08373       0.01660        0.2909       0.04334        0.2034      0.004962         45.78
  1996.9200       0.4435        0.3499        0.1982        0.2935       0.03248        0.2009      0.004645         45.78
  1997.0000       0.1732        0.3655        0.3597        0.2901       0.02090        0.1983      0.004325         45.78
  1997.0800      -0.1711        0.2254        0.4839        0.2799      0.008685        0.1955      0.004001         45.78
  1997.1700      -0.3929        0.1260        0.5563        0.2619     -0.004076        0.1926      0.003674         45.78
  1997.2500      -0.2106        0.1723        0.5683        0.2355      -0.01728        0.1895      0.003344         45.79
  1997.3300       0.3369        0.2550        0.5294        0.2009      -0.03078        0.1863      0.003012         45.79
  1997.4200       0.1961        0.2132        0.4565        0.1587      -0.04442        0.1829      0.002676         45.79
  1997.5000      -0.1032       0.02335        0.3673        0.1096      -0.05799        0.1793      0.002339         45.79
  1997.5800      -0.1011       -0.2228        0.2744       0.05430      -0.07132        0.1756      0.001999         45.79
  1997.6700       0.1260       -0.3921        0.1889     -0.006149      -0.08419        0.1717      0.001657         45.79
  1997.7500      -0.2155       -0.3540        0.1188      -0.07031      -0.09642        0.1676      0.001313         45.79
  1997.8300     -0.06146      -0.09848       0.06331       -0.1357       -0.1078        0.1634     0.0009676         45.79
  1997.9200       0.1634        0.2108       0.01327       -0.1988       -0.1181        0.1590     0.0006207         45.80
  1998.0000      0.09856        0.3686      -0.04226       -0.2560       -0.1272        0.1545     0.0002725         45.80
  1998.0800     -0.01992        0.3304       -0.1140       -0.3038       -0.1349        0.1498    -7.671E-05         45.80
  1998.1700      -0.2195        0.2286       -0.2089       -0.3392       -0.1409        0.1450    -0.0004268         45.80
  1998.2500     -0.07943        0.1750       -0.3243       -0.3606       -0.1452        0.1399    -0.0007777         45.80
  1998.3300       0.2279        0.1337       -0.4391       -0.3666       -0.1474        0.1348     -0.001129         45.80
  1998.4200       0.2872      -0.01433       -0.5223       -0.3561       -0.1476        0.1294     -0.001481         45.80
  1998.5000     -0.03843       -0.2776       -0.5486       -0.3284       -0.1457        0.1239     -0.001832         45.80
  1998.5800      -0.2222       -0.4971       -0.4995       -0.2842       -0.1418        0.1183     -0.002184         45.80
  1998.6700      -0.3385       -0.4798       -0.3658       -0.2257       -0.1361        0.1125     -0.002536         45.81
  1998.7500      -0.2275       -0.1776       -0.1659       -0.1573       -0.1285        0.1066     -0.002887         45.81
  1998.8300      0.03432        0.2334       0.05835      -0.08338       -0.1194        0.1005     -0.003237         45.81
  1998.9200       0.4360        0.4796        0.2606     -0.008592       -0.1087       0.09421     -0.003587         45.81
  1999.0000       0.1150        0.3801        0.3997       0.06253      -0.09658       0.08783     -0.003935         45.81
  1999.0800      -0.1546       0.06921        0.4590        0.1255      -0.08317       0.08131     -0.004283         45.81
  1999.1700      -0.2952       -0.1922        0.4367        0.1767      -0.06858       0.07466     -0.004629         45.81
  1999.2500       0.1896       -0.1995        0.3375        0.2143      -0.05294       0.06788     -0.004973         45.81
  1999.3300      -0.2502       0.06250        0.1864        0.2379      -0.03636       0.06098     -0.005315         45.81
  1999.4200       0.3177        0.2312       0.03348        0.2473      -0.01899       0.05397     -0.005656         45.81
  1999.5000      0.03739       0.07838      -0.07760        0.2422     -0.001003       0.04684     -0.005994         45.82
  1999.5800      -0.1633       -0.2325       -0.1350        0.2228       0.01740       0.03961     -0.006330         45.82
  1999.6700      -0.2383       -0.4058       -0.1381        0.1897       0.03599       0.03228     -0.006664         45.82
  1999.7500     -0.05380       -0.2837      -0.09289        0.1454       0.05453       0.02485     -0.006995         45.82
  1999.8300      0.07362       0.03476      -0.02121       0.09349       0.07276       0.01733     -0.007323         45.82
  1999.9200       0.1031        0.3511       0.05008       0.03818       0.09045      0.009724     -0.007648         45.82
  2000.0000       0.1305        0.4946       0.09417      -0.01639        0.1073      0.002037     -0.007970         45.82
  2000.0800       0.1313        0.3973       0.09120      -0.06633        0.1232     -0.005726     -0.008290         45.82
  2000.1700      0.01404        0.1473       0.04373       -0.1088        0.1378      -0.01356     -0.008605         45.82
  2000.2500      -0.1941      -0.09424      -0.03459       -0.1424        0.1508      -0.02146     -0.008918         45.83
  2000.3300       0.1801       -0.2374       -0.1259       -0.1666        0.1621      -0.02942     -0.009227         45.83
  2000.4200     -0.04516       -0.3523       -0.2074       -0.1812        0.1714      -0.03744     -0.009532         45.83
  2000.5000       0.1017       -0.5138       -0.2579       -0.1862        0.1786      -0.04551     -0.009833         45.83
  2000.5800      -0.1638       -0.5889       -0.2691       -0.1814        0.1836      -0.05362      -0.01013         45.83
  2000.6700      -0.2007       -0.4116       -0.2416       -0.1674        0.1863      -0.06178      -0.01042         45.83
  2000.7500      0.03342      0.002101       -0.1880       -0.1447        0.1869      -0.06996      -0.01071         45.83
  2000.8300      0.08635        0.4482       -0.1250       -0.1143        0.1852      -0.07817      -0.01100         45.83
  2000.9200       0.2498        0.6899      -0.06962      -0.07701        0.1816      -0.08640      -0.01128         45.83
  2001.0000       0.1918        0.6103      -0.03488      -0.03381        0.1760      -0.09463      -0.01156         45.83
  2001.0800     -0.07061        0.2903      -0.02098       0.01383        0.1686       -0.1029      -0.01183         45.83
  2001.1700      -0.2826      -0.07013      -0.02258       0.06395        0.1595       -0.1111      -0.01210         45.84
  2001.2500      -0.3364       -0.2910      -0.03282        0.1144        0.1488       -0.1193      -0.01236         45.84
  2001.3300     -0.09149       -0.3483      -0.03850        0.1630        0.1368       -0.1275      -0.01262         45.84
  2001.4200       0.4565       -0.3713      -0.02007        0.2078        0.1234       -0.1356      -0.01288         45.84
  2001.5000       0.2897       -0.4504       0.03747        0.2466        0.1089       -0.1437      -0.01313         45.84
  2001.5800      -0.3694       -0.5141        0.1294        0.2779       0.09331       -0.1517      -0.01338         45.84
  2001.6700      -0.4923       -0.4189        0.2430        0.3000       0.07682       -0.1597      -0.01362         45.84
  2001.7500      0.02481       -0.1200        0.3608        0.3116       0.05952       -0.1676      -0.01386         45.84
  2001.8300       0.2215        0.2729        0.4614        0.3115       0.04154       -0.1754      -0.01409         45.84
  2001.9200       0.3414        0.5871        0.5222        0.2986       0.02302       -0.1831      -0.01432         45.84
  2002.0000       0.4980        0.6609        0.5233        0.2723      0.004107       -0.1908      -0.01455         45.84
  2002.0800       0.6330        0.4418        0.4591        0.2331      -0.01504       -0.1983      -0.01477         45.85
  2002.1700      -0.3227       0.07923        0.3420        0.1831      -0.03425       -0.2056      -0.01498         45.85
  2002.2500      -0.8673       -0.1996        0.1885        0.1247      -0.05337       -0.2129      -0.01519         45.85
  2002.3300      -0.2713       -0.2386       0.01619       0.06043      -0.07223       -0.2200      -0.01540         45.85
  2002.4200       0.3764       -0.1280       -0.1544     -0.007125      -0.09067       -0.2269      -0.01560         45.85
  2002.5000       0.7904      -0.06013       -0.3007      -0.07544       -0.1085       -0.2337      -0.01580         45.85
  2002.5800       0.2659       -0.1483       -0.4056       -0.1420       -0.1256       -0.2403      -0.01599         45.85
  2002.6700      -0.2253       -0.3086       -0.4659       -0.2041       -0.1419       -0.2468      -0.01617         45.85
  2002.7500      -0.4939       -0.3760       -0.4847       -0.2596       -0.1570       -0.2530      -0.01635         45.85
  2002.8300      -0.1351       -0.2515       -0.4676       -0.3061       -0.1709       -0.2591      -0.01653         45.85
  2002.9200     -0.01549       0.02226       -0.4270       -0.3421       -0.1835       -0.2649      -0.01670         45.85
  2003.0000     -0.03402        0.3137       -0.3776       -0.3657       -0.1945       -0.2705      -0.01687         45.86
  2003.0800       0.1597        0.4720       -0.3344       -0.3758       -0.2038       -0.2759      -0.01703         45.86
  2003.1700       0.3077        0.4273       -0.3085       -0.3711       -0.2114       -0.2811      -0.01719         45.86
  2003.2500      -0.3550        0.2523       -0.3012       -0.3515       -0.2174       -0.2860      -0.01734         45.86
  2003.3300     -0.02477       0.09751       -0.3056       -0.3187       -0.2217       -0.2906      -0.01749         45.86
  2003.4200       0.3054      -0.03952       -0.3051       -0.2747       -0.2244       -0.2950      -0.01763         45.86
  2003.5000      0.03559       -0.2190       -0.2800       -0.2223       -0.2258       -0.2992      -0.01777         45.86
  2003.5800      -0.1755       -0.3894       -0.2174       -0.1641       -0.2257       -0.3030      -0.01790         45.86
  2003.6700      -0.1775       -0.4123       -0.1120       -0.1027       -0.2244       -0.3066      -0.01802         45.86
  2003.7500      -0.1786       -0.2237       0.03017      -0.04062       -0.2219       -0.3100      -0.01814         45.86
  2003.8300      0.08846       0.09064        0.1890       0.01983       -0.2184       -0.3130      -0.01826         45.86
  2003.9200       0.1087        0.3582        0.3407       0.07633       -0.2139       -0.3158      -0.01837         45.86
  2004.0000       0.4218        0.4120        0.4621        0.1266       -0.2086       -0.3183      -0.01847         45.86
  2004.0800       0.5057        0.2349        0.5367        0.1684       -0.2025       -0.3205      -0.01857         45.87
  2004.1700      -0.3479      -0.02839        0.5590        0.1998       -0.1959       -0.3224      -0.01867         45.87
  2004.2500      -0.7026       -0.1685        0.5268        0.2199       -0.1887       -0.3240      -0.01876         45.87
  2004.3300     -0.03394      -0.06908        0.4447        0.2290       -0.1812       -0.3254      -0.01884         45.87
  2004.4200       0.3755        0.1230        0.3334        0.2277       -0.1733       -0.3264      -0.01892         45.87
  2004.5000       0.5538        0.1864        0.2186        0.2170       -0.1652       -0.3272      -0.01899         45.87
  2004.5800      0.01092       0.02482        0.1209        0.1976       -0.1568       -0.3276      -0.01905         45.87
  2004.6700      -0.2298       -0.2680       0.04908        0.1704       -0.1482       -0.3278      -0.01911         45.87
  2004.7500      0.05916       -0.5202      0.006513        0.1366       -0.1393       -0.3277      -0.01917         45.87
  2004.8300      -0.2906       -0.5200     -0.005659       0.09781       -0.1304       -0.3274      -0.01922         45.87
  2004.9200     -0.08444       -0.2483      0.005521       0.05637       -0.1212       -0.3267      -0.01926         45.87
  2005.0000       0.2226        0.1141       0.02511       0.01497       -0.1120       -0.3258      -0.01930         45.87
  2005.0800     -0.04630        0.3840       0.03601      -0.02362       -0.1027       -0.3246      -0.01933         45.87
  2005.1700     -0.08820        0.5336       0.02024      -0.05678      -0.09340       -0.3231      -0.01936         45.88
  2005.2500      0.06017        0.5938      -0.03651      -0.08240      -0.08406       -0.3214      -0.01938         45.88
  2005.3300      0.07237        0.5482       -0.1346      -0.09961      -0.07474       -0.3194      -0.01939         45.88
  2005.4200     -0.02906        0.3446       -0.2583       -0.1086      -0.06546       -0.3172      -0.01940         45.88
  2005.5000      0.09858     -0.001793       -0.3846       -0.1099      -0.05621       -0.3147      -0.01941         45.88
  2005.5800      0.01002       -0.3820       -0.4899       -0.1041      -0.04696       -0.3121      -0.01940         45.88
  2005.6700      -0.2255       -0.6354       -0.5509      -0.09168      -0.03772       -0.3092      -0.01939         45.88
  2005.7500      -0.1273       -0.6175       -0.5482      -0.07322      -0.02844       -0.3061      -0.01938         45.88
  2005.8300     -0.04119       -0.3344       -0.4802      -0.04980      -0.01910       -0.3028      -0.01936         45.88
  2005.9200       0.3170       0.03220       -0.3596      -0.02299     -0.009667       -0.2993      -0.01933         45.88
  2006.0000       0.2408        0.2431       -0.2020      0.005573    -9.965E-05       -0.2956      -0.01930         45.88
  2006.0800       0.3909        0.1912      -0.02405       0.03430      0.009636       -0.2918      -0.01926         45.88
  2006.1700      0.01873       0.02635        0.1537       0.06164       0.01958       -0.2878      -0.01921         45.88
  2006.2500      -0.6027      -0.04977        0.3079       0.08601       0.02976       -0.2836      -0.01916         45.88
  2006.3300      -0.4990       0.07820        0.4221        0.1059       0.04023       -0.2793      -0.01910         45.88
  2006.4200       0.3388        0.3064        0.4966        0.1197       0.05101       -0.2749      -0.01904         45.89
  2006.5000       0.6087        0.4208        0.5369        0.1263       0.06215       -0.2703      -0.01896         45.89
  2006.5800       0.4135        0.2647        0.5476        0.1252       0.07367       -0.2656      -0.01889         45.89
  2006.6700      -0.2710      -0.06905        0.5321        0.1160       0.08557       -0.2608      -0.01880         45.89
  2006.7500      -0.3180       -0.3714        0.4925       0.09896       0.09781       -0.2559      -0.01871         45.89
  2006.8300      -0.1915       -0.4397        0.4307       0.07497        0.1103       -0.2508      -0.01862         45.89
  2006.9200      -0.2366       -0.2012        0.3475       0.04564        0.1231       -0.2457      -0.01851         45.89
  2007.0000      0.04562        0.1965        0.2437       0.01314        0.1360       -0.2405      -0.01840         45.89
  2007.0800       0.1201        0.5098        0.1203      -0.02020        0.1490       -0.2352      -0.01829         45.89
  2007.1700      0.09336        0.5901      -0.02153      -0.05218        0.1619       -0.2298      -0.01817         45.89
  2007.2500     -0.03940        0.4603       -0.1776      -0.08075        0.1748       -0.2243      -0.01804         45.89
  2007.3300      0.04723        0.2348       -0.3367       -0.1042        0.1875       -0.2188      -0.01790         45.89
  2007.4200      -0.1636       0.02685       -0.4833       -0.1207        0.2000       -0.2132      -0.01776         45.89
  2007.5000      0.08319       -0.1511       -0.5983       -0.1289        0.2122       -0.2075      -0.01761         45.89
  2007.5800       0.1722       -0.3581       -0.6598       -0.1270        0.2240       -0.2018      -0.01745         45.89
  2007.6700      -0.2328       -0.5734       -0.6486       -0.1141        0.2353       -0.1960      -0.01729         45.89
  2007.7500       0.1866       -0.6220       -0.5530      -0.09083        0.2460       -0.1902      -0.01712         45.89
  2007.8300      -0.2866       -0.3530       -0.3829      -0.05941        0.2562       -0.1843      -0.01694         45.90
  2007.9200       0.1356        0.1052       -0.1700      -0.02231        0.2657       -0.1784      -0.01676         45.90
  2008.0000       0.1989        0.4605       0.04811       0.01797        0.2745       -0.1725      -0.01657         45.90
  2008.0800      -0.1278        0.5354        0.2354       0.05892        0.2825       -0.1665      -0.01637         45.90
  2008.1700      0.02292        0.3790        0.3659       0.09804        0.2898       -0.1605      -0.01617         45.90
  2008.2500    -0.006057        0.1393        0.4312        0.1330        0.2961       -0.1545      -0.01596         45.90
  2008.3300    -0.008436      -0.05414        0.4339        0.1617        0.3016       -0.1484      -0.01574         45.90
  2008.4200      -0.2459       -0.1226        0.3848        0.1830        0.3061       -0.1424      -0.01551         45.90
  2008.5000      0.03239       -0.1230        0.3080        0.1959        0.3096       -0.1363      -0.01528         45.90
  2008.5800       0.3953       -0.1811        0.2322        0.1992        0.3120       -0.1303      -0.01504         45.90
  2008.6700     -0.08382       -0.3326        0.1738        0.1925        0.3134       -0.1242      -0.01480         45.90
  2008.7500      -0.3179       -0.4015        0.1314        0.1759        0.3138       -0.1182      -0.01454         45.90
  2008.8300      -0.3156       -0.2075       0.09986        0.1509        0.3131       -0.1122      -0.01428         45.90
  2008.9200       0.1180        0.1605       0.07009        0.1197        0.3113       -0.1061      -0.01401         45.90
  2009.0000       0.3266        0.4520       0.03114       0.08481        0.3086       -0.1002      -0.01374         45.90
  2009.0800      -0.1373        0.4973      -0.02629       0.04869        0.3048      -0.09420      -0.01345         45.90
  2009.1700    -0.005561        0.3410       -0.1023       0.01340        0.3001      -0.08827      -0.01316         45.90
  2009.2500     -0.01633        0.1022       -0.1873      -0.01967        0.2944      -0.08237      -0.01287         45.90
  2009.3300       0.1643       -0.1378       -0.2683      -0.04962        0.2878      -0.07652      -0.01256         45.90
  2009.4200      -0.3620       -0.3060       -0.3310      -0.07576        0.2803      -0.07072      -0.01225         45.90
  2009.5000       0.3750       -0.4210       -0.3592      -0.09740        0.2719      -0.06497      -0.01193         45.90
  2009.5800       0.3794       -0.5175       -0.3394       -0.1139        0.2627      -0.05927      -0.01160         45.91
  2009.6700      -0.3867       -0.5673       -0.2695       -0.1250        0.2527      -0.05363      -0.01127         45.91
  2009.7500      -0.6350       -0.4598       -0.1592       -0.1310        0.2419      -0.04806      -0.01092         45.91
  2009.8300      -0.2587       -0.1296      -0.02788       -0.1322        0.2304      -0.04255      -0.01057         45.91
  2009.9200       0.2554        0.3088       0.09920       -0.1290        0.2182      -0.03712      -0.01022         45.91
  2010.0000       0.5056        0.6533        0.1956       -0.1219        0.2053      -0.03177     -0.009851         45.91
  2010.0800       0.6126        0.7166        0.2365       -0.1112        0.1918      -0.02651     -0.009477         45.91
  2010.1700       0.3346        0.4665        0.2105      -0.09764        0.1776      -0.02133     -0.009097         45.91
  2010.2500      -0.2172       0.06120        0.1345      -0.08177        0.1629      -0.01625     -0.008708         45.91
  2010.3300      -0.3236       -0.2718       0.03257      -0.06425        0.1476      -0.01126     -0.008311         45.91
  2010.4200      -0.4307       -0.3598      -0.07115      -0.04573        0.1318     -0.006374     -0.007907         45.91
  2010.5000       0.3884       -0.2890       -0.1508      -0.02684        0.1154     -0.001596     -0.007495         45.91
  2010.5800      0.06333       -0.2725       -0.1796     -0.008183       0.09862      0.003069     -0.007075         45.91
  2010.6700      -0.1507       -0.3713       -0.1434      0.009691       0.08137      0.007618     -0.006647         45.91
  2010.7500      -0.1290       -0.4615      -0.05655       0.02640       0.06371       0.01205     -0.006211         45.91
  2010.8300       0.1727       -0.3793       0.05447       0.04160       0.04565       0.01635     -0.005767         45.91
  2010.9200      -0.3183      -0.02377        0.1654       0.05498       0.02723       0.02052     -0.005315         45.91
  2011.0000       0.2107        0.4617        0.2568       0.06625      0.008480       0.02455     -0.004855         45.91
  2011.0800       0.2501        0.7327        0.3106       0.07509      -0.01058       0.02845     -0.004387         45.91
  2011.1700       0.1235        0.5532        0.3136       0.08120      -0.02992       0.03220     -0.003911         45.91
  2011.2500    -0.006418       0.04451        0.2724       0.08428      -0.04951       0.03580     -0.003426         45.91
  2011.3300      -0.3702       -0.4668        0.1995       0.08401      -0.06932       0.03925     -0.002934         45.91
  2011.4200      -0.1380       -0.7228        0.1078       0.08009      -0.08933       0.04254     -0.002433         45.91
  2011.5000      0.07184       -0.7409      0.009638       0.07222       -0.1095       0.04566     -0.001924         45.91
  2011.5800       0.2792       -0.6848      -0.08263       0.06009       -0.1298       0.04862     -0.001407         45.91
  2011.6700     -0.05814       -0.6094       -0.1574       0.04339       -0.1503       0.05140    -0.0008812         45.91
  2011.7500      -0.2115       -0.4552       -0.2043       0.02182       -0.1708       0.05400    -0.0003472         45.91
  2011.8300      -0.1524       -0.1488       -0.2132     -0.004926       -0.1914       0.05643     0.0001951         45.92
  2011.9200       0.1811        0.3259       -0.1743      -0.03715       -0.2120       0.05866     0.0007459         45.92
  2012.0000       0.1628        0.9694      -0.07760      -0.07517       -0.2326       0.06071      0.001305         45.92

       Time         Err1          Err2          Err3          Err4          Err5          Err6          Err7          Err8
  1990.0800       0.6134        0.6282        0.6714        0.5746        0.2812        0.1922       0.06091        0.4276
  1990.1700       0.4349        0.6163        0.5252        0.5199        0.2572        0.1855       0.05918        0.4219
  1990.2500       0.4723        0.6413        0.4796        0.4862        0.2375        0.1798       0.05772        0.4162
  1990.3300       0.5062        0.6092        0.4957        0.4700        0.2220        0.1750       0.05653        0.4106
  1990.4200       0.4562        0.5171        0.5309        0.4665        0.2104        0.1711       0.05561        0.4050
  1990.5000       0.3376        0.4543        0.5621        0.4709        0.2025        0.1681       0.05494        0.3995
  1990.5800       0.3256        0.5160        0.5810        0.4791        0.1978        0.1659       0.05450        0.3941
  1990.6700       0.2916        0.5770        0.5857        0.4880        0.1957        0.1645       0.05429        0.3887
  1990.7500       0.3147        0.5177        0.5768        0.4958        0.1955        0.1637       0.05429        0.3834
  1990.8300       0.2791        0.4227        0.5550        0.5012        0.1969        0.1636       0.05447        0.3781
  1990.9200       0.3366        0.3897        0.5200        0.5036        0.1991        0.1641       0.05482        0.3729
  1991.0000       0.2671        0.3914        0.4717        0.5028        0.2019        0.1650       0.05531        0.3678
  1991.0800       0.2436        0.3985        0.4149        0.4987        0.2049        0.1664       0.05593        0.3627
  1991.1700       0.2640        0.3930        0.3608        0.4915        0.2079        0.1680       0.05665        0.3577
  1991.2500       0.2763        0.3606        0.3214        0.4815        0.2107        0.1700       0.05746        0.3528
  1991.3300       0.2856        0.3180        0.3004        0.4691        0.2131        0.1722       0.05834        0.3479
  1991.4200       0.3044        0.2895        0.2898        0.4546        0.2151        0.1745       0.05927        0.3431
  1991.5000       0.4082        0.2676        0.2793        0.4386        0.2166        0.1770       0.06025        0.3384
  1991.5800       0.3824        0.2473        0.2715        0.4222        0.2177        0.1795       0.06125        0.3337
  1991.6700       0.2737        0.2300        0.2816        0.4064        0.2183        0.1821       0.06227        0.3291
  1991.7500       0.2778        0.2221        0.3141        0.3923        0.2184        0.1847       0.06329        0.3246
  1991.8300       0.2820        0.2679        0.3526        0.3807        0.2181        0.1873       0.06432        0.3201
  1991.9200       0.3164        0.3227        0.3736        0.3723        0.2175        0.1898       0.06533        0.3157
  1992.0000       0.2929        0.3969        0.3629        0.3670        0.2165        0.1923       0.06633        0.3114
  1992.0800       0.2926        0.4522        0.3270        0.3645        0.2152        0.1947       0.06731        0.3071
  1992.1700       0.2796        0.3926        0.2909        0.3645        0.2137        0.1970       0.06826        0.3029
  1992.2500       0.2820        0.3565        0.2975        0.3661        0.2119        0.1992       0.06918        0.2988
  1992.3300       0.3575        0.4381        0.3487        0.3686        0.2101        0.2013       0.07007        0.2948
  1992.4200       0.3271        0.4172        0.3941        0.3710        0.2081        0.2033       0.07092        0.2908
  1992.5000       0.3136        0.3036        0.4060        0.3728        0.2062        0.2052       0.07173        0.2869
  1992.5800       0.3071        0.2604        0.3833        0.3733        0.2042        0.2070       0.07250        0.2831
  1992.6700       0.3068        0.2415        0.3447        0.3724        0.2023        0.2086       0.07322        0.2793
  1992.7500       0.2450        0.2154        0.3261        0.3702        0.2006        0.2101       0.07390        0.2757
  1992.8300       0.3080        0.2136        0.3387        0.3667        0.1990        0.2115       0.07454        0.2721
  1992.9200       0.2180        0.2096        0.3552        0.3620        0.1977        0.2127       0.07512        0.2686
  1993.0000       0.2376        0.2333        0.3527        0.3559        0.1967        0.2139       0.07567        0.2651
  1993.0800       0.2763        0.2836        0.3387        0.3483        0.1962        0.2149       0.07616        0.2618
  1993.1700       0.2376        0.2891        0.3313        0.3393        0.1962        0.2158       0.07661        0.2585
  1993.2500       0.2537        0.3131        0.3385        0.3287        0.1967        0.2165       0.07700        0.2553
  1993.3300       0.2409        0.3781        0.3418        0.3168        0.1979        0.2172       0.07735        0.2522
  1993.4200       0.2337        0.3614        0.3122        0.3037        0.1996        0.2178       0.07766        0.2491
  1993.5000       0.2362        0.2836        0.2487        0.2900        0.2019        0.2183       0.07792        0.2462
  1993.5800       0.2732        0.2500        0.1953        0.2764        0.2046        0.2186       0.07813        0.2433
  1993.6700       0.2422        0.2591        0.2255        0.2640        0.2076        0.2189       0.07829        0.2405
  1993.7500       0.2328        0.2540        0.3141        0.2535        0.2109        0.2191       0.07841        0.2378
  1993.8300       0.2747        0.2530        0.3870        0.2457        0.2142        0.2192       0.07849        0.2352
  1993.9200       0.2882        0.2785        0.4052        0.2405        0.2175        0.2193       0.07853        0.2326
  1994.0000       0.2485        0.3391        0.3694        0.2379        0.2205        0.2192       0.07852        0.2301
  1994.0800       0.2497        0.3689        0.3028        0.2373        0.2232        0.2192       0.07847        0.2278
  1994.1700       0.3001        0.3230        0.2423        0.2382        0.2255        0.2190       0.07839        0.2255
  1994.2500       0.3051        0.4130        0.2299        0.2397        0.2271        0.2188       0.07826        0.2232
  1994.3300       0.3233        0.5217        0.2522        0.2409        0.2280        0.2186       0.07810        0.2211
  1994.4200       0.2350        0.4575        0.2588        0.2415        0.2281        0.2183       0.07791        0.2191
  1994.5000       0.2365        0.3166        0.2358        0.2412        0.2274        0.2180       0.07768        0.2171
  1994.5800       0.3673        0.2629        0.1971        0.2407        0.2258        0.2177       0.07742        0.2152
  1994.6700       0.2693        0.2435        0.1834        0.2406        0.2235        0.2174       0.07713        0.2134
  1994.7500       0.2402        0.2372        0.2270        0.2413        0.2204        0.2170       0.07680        0.2117
  1994.8300       0.3189        0.2669        0.2916        0.2429        0.2166        0.2166       0.07646        0.2101
  1994.9200       0.1972        0.2988        0.3331        0.2450        0.2121        0.2162       0.07608        0.2085
  1995.0000       0.1450        0.3659        0.3375        0.2469        0.2072        0.2159       0.07569        0.2070
  1995.0800       0.1525        0.3827        0.3206        0.2482        0.2018        0.2155       0.07527        0.2056
  1995.1700       0.2240        0.3528        0.3165        0.2490        0.1962        0.2151       0.07483        0.2043
  1995.2500       0.2503        0.3600        0.3465        0.2494        0.1904        0.2148       0.07438        0.2031
  1995.3300       0.1894        0.4074        0.3906        0.2496        0.1848        0.2145       0.07391        0.2019
  1995.4200       0.2389        0.3980        0.4142        0.2498        0.1796        0.2142       0.07343        0.2008
  1995.5000       0.2192        0.3357        0.3996        0.2505        0.1749        0.2139       0.07293        0.1998
  1995.5800       0.2526        0.2846        0.3499        0.2527        0.1710        0.2137       0.07243        0.1989
  1995.6700       0.2394        0.2556        0.2989        0.2571        0.1681        0.2134       0.07193        0.1980
  1995.7500       0.2093        0.2341        0.3021        0.2641        0.1663        0.2133       0.07141        0.1972
  1995.8300       0.1998        0.2607        0.3659        0.2729        0.1655        0.2131       0.07090        0.1965
  1995.9200       0.2215        0.3328        0.4402        0.2822        0.1656        0.2130       0.07039        0.1959
  1996.0000       0.1826        0.3831        0.4842        0.2900        0.1664        0.2130       0.06988        0.1953
  1996.0800       0.1782        0.3864        0.4844        0.2947        0.1678        0.2130       0.06938        0.1948
  1996.1700       0.2356        0.3674        0.4466        0.2951        0.1694        0.2130       0.06889        0.1943
  1996.2500       0.2165        0.3535        0.3874        0.2906        0.1711        0.2131       0.06840        0.1939
  1996.3300       0.2225        0.3451        0.3303        0.2811        0.1725        0.2132       0.06794        0.1936
  1996.4200       0.2239        0.3556        0.2983        0.2666        0.1735        0.2133       0.06749        0.1933
  1996.5000       0.2246        0.3109        0.2914        0.2478        0.1741        0.2135       0.06706        0.1930
  1996.5800       0.2361        0.2489        0.2876        0.2260        0.1741        0.2138       0.06665        0.1929
  1996.6700       0.3496        0.2387        0.2683        0.2040        0.1734        0.2141       0.06626        0.1928
  1996.7500       0.2538        0.2177        0.2374        0.1863        0.1722        0.2144       0.06590        0.1927
  1996.8300       0.2841        0.2301        0.2196        0.1777        0.1703        0.2148       0.06558        0.1927
  1996.9200       0.3027        0.2496        0.2297        0.1809        0.1680        0.2152       0.06528        0.1927
  1997.0000       0.3257        0.2440        0.2535        0.1943        0.1652        0.2156       0.06502        0.1928
  1997.0800       0.2934        0.3676        0.2734        0.2132        0.1620        0.2161       0.06479        0.1929
  1997.1700       0.3093        0.4432        0.2821        0.2323        0.1586        0.2167       0.06461        0.1930
  1997.2500       0.2531        0.3536        0.2864        0.2476        0.1552        0.2172       0.06446        0.1932
  1997.3300       0.2228        0.2628        0.3050        0.2568        0.1519        0.2178       0.06435        0.1934
  1997.4200       0.2803        0.2609        0.3428        0.2589        0.1489        0.2185       0.06429        0.1937
  1997.5000       0.2546        0.2564        0.3848        0.2534        0.1467        0.2191       0.06427        0.1940
  1997.5800       0.2406        0.2377        0.4116        0.2403        0.1452        0.2198       0.06430        0.1943
  1997.6700       0.2514        0.2164        0.4072        0.2202        0.1448        0.2205       0.06438        0.1947
  1997.7500       0.2078        0.2059        0.3666        0.1949        0.1455        0.2213       0.06450        0.1951
  1997.8300       0.2244        0.1984        0.3129        0.1692        0.1471        0.2220       0.06467        0.1955
  1997.9200       0.2143        0.2004        0.2941        0.1500        0.1496        0.2228       0.06489        0.1959
  1998.0000       0.2430        0.2239        0.3274        0.1426        0.1527        0.2236       0.06516        0.1964
  1998.0800       0.2397        0.3057        0.3732        0.1465        0.1561        0.2244       0.06547        0.1968
  1998.1700       0.2524        0.3581        0.3884        0.1557        0.1596        0.2251       0.06584        0.1973
  1998.2500       0.2700        0.2934        0.3535        0.1646        0.1628        0.2259       0.06624        0.1978
  1998.3300       0.2916        0.2639        0.2824        0.1701        0.1654        0.2267       0.06670        0.1984
  1998.4200       0.2659        0.3075        0.2105        0.1711        0.1672        0.2274       0.06720        0.1989
  1998.5000       0.2669        0.2488        0.1679        0.1676        0.1680        0.2281       0.06774        0.1995
  1998.5800       0.3024        0.1996        0.1594        0.1611        0.1680        0.2289       0.06832        0.2000
  1998.6700       0.3864        0.2018        0.1582        0.1562        0.1670        0.2296       0.06894        0.2006
  1998.7500       0.3039        0.1581        0.1509        0.1595        0.1652        0.2302       0.06960        0.2012
  1998.8300       0.2969        0.1353        0.1537        0.1746        0.1626        0.2309       0.07030        0.2018
  1998.9200       0.2419        0.1830        0.1687        0.1988        0.1593        0.2315       0.07104        0.2024
  1999.0000       0.2855        0.2219        0.1774        0.2264        0.1555        0.2321       0.07180        0.2030
  1999.0800       0.2790        0.3073        0.1778        0.2513        0.1510        0.2327       0.07260        0.2036
  1999.1700       0.2444        0.3434        0.1835        0.2695        0.1462        0.2332       0.07343        0.2042
  1999.2500       0.2755        0.2684        0.2122        0.2794        0.1410        0.2337       0.07428        0.2048
  1999.3300       0.1804        0.1997        0.2671        0.2811        0.1356        0.2342       0.07516        0.2054
  1999.4200       0.1910        0.2887        0.3235        0.2752        0.1300        0.2346       0.07606        0.2060
  1999.5000       0.2710        0.2943        0.3527        0.2626        0.1246        0.2350       0.07698        0.2066
  1999.5800       0.2612        0.2333        0.3465        0.2446        0.1195        0.2354       0.07792        0.2073
  1999.6700       0.2797        0.1871        0.3057        0.2235        0.1150        0.2357       0.07887        0.2079
  1999.7500       0.2440        0.1534        0.2433        0.2040        0.1115        0.2360       0.07984        0.2085
  1999.8300       0.2490        0.1734        0.2047        0.1919        0.1092        0.2363       0.08082        0.2091
  1999.9200       0.3011        0.2163        0.2301        0.1915        0.1082        0.2365       0.08181        0.2097
  2000.0000       0.3348        0.2276        0.2832        0.2028        0.1086        0.2366       0.08281        0.2102
  2000.0800       0.2739        0.2243        0.3163        0.2220        0.1104        0.2368       0.08382        0.2108
  2000.1700       0.2469        0.2424        0.3224        0.2441        0.1133        0.2368       0.08483        0.2114
  2000.2500       0.2144        0.2589        0.3147        0.2657        0.1169        0.2368       0.08585        0.2120
  2000.3300       0.2069        0.2922        0.3088        0.2847        0.1210        0.2368       0.08687        0.2125
  2000.4200       0.2550        0.3556        0.3066        0.2998        0.1253        0.2367       0.08788        0.2131
  2000.5000       0.2571        0.3353        0.2940        0.3097        0.1294        0.2365       0.08890        0.2136
  2000.5800       0.2941        0.2852        0.2724        0.3139        0.1332        0.2363       0.08991        0.2141
  2000.6700       0.2816        0.2524        0.2657        0.3126        0.1366        0.2360       0.09092        0.2146
  2000.7500       0.2461        0.2138        0.2970        0.3063        0.1396        0.2357       0.09192        0.2151
  2000.8300       0.3061        0.2106        0.3511        0.2956        0.1422        0.2353       0.09292        0.2156
  2000.9200       0.3381        0.2312        0.3912        0.2808        0.1443        0.2349       0.09391        0.2161
  2001.0000       0.2730        0.2782        0.3916        0.2627        0.1460        0.2344       0.09489        0.2166
  2001.0800       0.2612        0.3643        0.3578        0.2425        0.1473        0.2338       0.09587        0.2170
  2001.1700       0.3315        0.4260        0.3200        0.2226        0.1482        0.2333       0.09683        0.2175
  2001.2500       0.3487        0.3900        0.3205        0.2058        0.1489        0.2327       0.09779        0.2179
  2001.3300       0.2863        0.3871        0.3712        0.1950        0.1492        0.2320       0.09873        0.2183
  2001.4200       0.2729        0.4777        0.4251        0.1917        0.1492        0.2314       0.09966        0.2187
  2001.5000       0.3151        0.4514        0.4346        0.1958        0.1488        0.2307        0.1006        0.2191
  2001.5800       0.3368        0.3914        0.3958        0.2053        0.1482        0.2301        0.1015        0.2195
  2001.6700       0.3359        0.3887        0.3282        0.2179        0.1472        0.2294        0.1024        0.2199
  2001.7500       0.2937        0.3271        0.2663        0.2307        0.1459        0.2288        0.1032        0.2202
  2001.8300       0.3265        0.2432        0.2527        0.2410        0.1444        0.2282        0.1041        0.2205
  2001.9200       0.5129        0.2463        0.2810        0.2463        0.1426        0.2276        0.1050        0.2209
  2002.0000       0.6028        0.2758        0.3033        0.2447        0.1407        0.2270        0.1058        0.2212
  2002.0800       0.3217        0.2785        0.2975        0.2357        0.1388        0.2264        0.1066        0.2214
  2002.1700       0.3053        0.3926        0.2755        0.2213        0.1370        0.2259        0.1074        0.2217
  2002.2500       0.3104        0.5008        0.2616        0.2047        0.1354        0.2255        0.1082        0.2220
  2002.3300       0.4287        0.4632        0.2736        0.1898        0.1340        0.2250        0.1089        0.2222
  2002.4200       0.3942        0.4558        0.3063        0.1808        0.1331        0.2246        0.1097        0.2225
  2002.5000       0.3156        0.4976        0.3347        0.1802        0.1325        0.2243        0.1104        0.2227
  2002.5800       0.3349        0.4090        0.3389        0.1881        0.1322        0.2240        0.1111        0.2229
  2002.6700       0.3276        0.3050        0.3246        0.2018        0.1323        0.2237        0.1118        0.2231
  2002.7500       0.3621        0.3138        0.3122        0.2173        0.1326        0.2235        0.1124        0.2232
  2002.8300       0.4041        0.3123        0.3261        0.2312        0.1330        0.2233        0.1131        0.2234
  2002.9200       0.2936        0.2853        0.3752        0.2408        0.1336        0.2232        0.1137        0.2236
  2003.0000       0.2802        0.2565        0.4386        0.2438        0.1342        0.2230        0.1143        0.2237
  2003.0800       0.2819        0.2578        0.4840        0.2387        0.1348        0.2229        0.1149        0.2238
  2003.1700       0.2054        0.2748        0.4871        0.2243        0.1355        0.2229        0.1154        0.2239
  2003.2500       0.1636        0.2955        0.4431        0.2018        0.1362        0.2228        0.1159        0.2240
  2003.3300       0.2692        0.2801        0.3682        0.1753        0.1372        0.2228        0.1165        0.2241
  2003.4200       0.2218        0.2866        0.3035        0.1519        0.1386        0.2228        0.1169        0.2242
  2003.5000       0.2462        0.2652        0.2847        0.1416        0.1404        0.2228        0.1174        0.2243
  2003.5800       0.2783        0.2350        0.2983        0.1516        0.1427        0.2228        0.1178        0.2243
  2003.6700       0.3485        0.2467        0.3081        0.1793        0.1454        0.2228        0.1183        0.2244
  2003.7500       0.2718        0.2284        0.2990        0.2164        0.1486        0.2228        0.1186        0.2244
  2003.8300       0.2431        0.1816        0.2820        0.2557        0.1520        0.2228        0.1190        0.2244
  2003.9200       0.3707        0.2145        0.2703        0.2923        0.1557        0.2229        0.1193        0.2244
  2004.0000       0.4119        0.2501        0.2665        0.3225        0.1595        0.2229        0.1197        0.2245
  2004.0800       0.2898        0.2708        0.2697        0.3434        0.1633        0.2229        0.1199        0.2245
  2004.1700       0.3338        0.3367        0.2838        0.3530        0.1669        0.2229        0.1202        0.2244
  2004.2500       0.2315        0.3579        0.3132        0.3509        0.1702        0.2230        0.1204        0.2244
  2004.3300       0.3098        0.2827        0.3598        0.3383        0.1731        0.2230        0.1207        0.2244
  2004.4200       0.3492        0.3251        0.4161        0.3170        0.1756        0.2231        0.1208        0.2244
  2004.5000       0.2941        0.4023        0.4650        0.2892        0.1777        0.2231        0.1210        0.2244
  2004.5800       0.2995        0.3917        0.4916        0.2579        0.1793        0.2232        0.1211        0.2243
  2004.6700       0.2436        0.3368        0.4921        0.2269        0.1806        0.2234        0.1212        0.2243
  2004.7500       0.3523        0.2684        0.4656        0.2018        0.1815        0.2235        0.1213        0.2243
  2004.8300       0.2629        0.2362        0.4129        0.1898        0.1821        0.2237        0.1213        0.2242
  2004.9200       0.2555        0.2349        0.3513        0.1956        0.1825        0.2240        0.1214        0.2242
  2005.0000       0.1920        0.2590        0.3209        0.2173        0.1827        0.2243        0.1214        0.2241
  2005.0800       0.2203        0.2732        0.3475        0.2474        0.1828        0.2247        0.1213        0.2241
  2005.1700       0.2291        0.3058        0.4017        0.2785        0.1827        0.2251        0.1213        0.2241
  2005.2500       0.2346        0.3188        0.4382        0.3055        0.1825        0.2256        0.1212        0.2240
  2005.3300       0.2358        0.2948        0.4390        0.3258        0.1822        0.2263        0.1210        0.2240
  2005.4200       0.2371        0.2674        0.4143        0.3386        0.1819        0.2270        0.1209        0.2240
  2005.5000       0.2155        0.2603        0.3820        0.3436        0.1817        0.2278        0.1207        0.2239
  2005.5800       0.2545        0.2364        0.3548        0.3409        0.1817        0.2287        0.1205        0.2239
  2005.6700       0.2808        0.2188        0.3324        0.3302        0.1820        0.2297        0.1202        0.2239
  2005.7500       0.2764        0.2247        0.3059        0.3119        0.1826        0.2308        0.1200        0.2239
  2005.8300       0.2413        0.2729        0.2744        0.2879        0.1836        0.2320        0.1197        0.2239
  2005.9200       0.2881        0.3735        0.2497        0.2616        0.1851        0.2333        0.1193        0.2240
  2006.0000       0.4817        0.3856        0.2431        0.2376        0.1870        0.2348        0.1190        0.2240
  2006.0800       0.3166        0.2743        0.2543        0.2212        0.1894        0.2363        0.1186        0.2240
  2006.1700       0.2936        0.3303        0.2723        0.2161        0.1921        0.2379        0.1181        0.2241
  2006.2500       0.3246        0.4715        0.2813        0.2229        0.1950        0.2395        0.1177        0.2242
  2006.3300       0.2982        0.4438        0.2748        0.2383        0.1981        0.2413        0.1172        0.2243
  2006.4200       0.3119        0.3380        0.2668        0.2570        0.2012        0.2431        0.1167        0.2244
  2006.5000       0.3543        0.3192        0.2728        0.2742        0.2041        0.2449        0.1161        0.2245
  2006.5800       0.2949        0.2979        0.2955        0.2866        0.2068        0.2468        0.1155        0.2247
  2006.6700       0.2867        0.3060        0.3257        0.2925        0.2091        0.2488        0.1149        0.2249
  2006.7500       0.3878        0.3750        0.3486        0.2916        0.2109        0.2507        0.1143        0.2251
  2006.8300       0.4596        0.3909        0.3520        0.2851        0.2124        0.2527        0.1136        0.2253
  2006.9200       0.2586        0.3226        0.3376        0.2759        0.2135        0.2547        0.1129        0.2255
  2007.0000       0.2345        0.2730        0.3239        0.2678        0.2143        0.2566        0.1121        0.2258
  2007.0800       0.2669        0.2810        0.3218        0.2639        0.2148        0.2586        0.1113        0.2261
  2007.1700       0.2722        0.2746        0.3221        0.2653        0.2150        0.2605        0.1105        0.2265
  2007.2500       0.2431        0.2741        0.3077        0.2710        0.2150        0.2624        0.1097        0.2268
  2007.3300       0.2391        0.2834        0.2739        0.2786        0.2149        0.2642        0.1088        0.2272
  2007.4200       0.2155        0.2679        0.2297        0.2853        0.2148        0.2660        0.1079        0.2277
  2007.5000       0.2302        0.2704        0.1962        0.2884        0.2146        0.2677        0.1070        0.2281
  2007.5800       0.2174        0.3017        0.1861        0.2856        0.2144        0.2694        0.1060        0.2287
  2007.6700       0.1846        0.2852        0.1829        0.2753        0.2143        0.2709        0.1050        0.2292
  2007.7500       0.2508        0.2161        0.1706        0.2579        0.2143        0.2724        0.1040        0.2298
  2007.8300       0.1505        0.1920        0.1611        0.2366        0.2146        0.2738        0.1029        0.2304
  2007.9200       0.2297        0.1999        0.1793        0.2156        0.2151        0.2750        0.1018        0.2311
  2008.0000       0.2004        0.1981        0.2157        0.1993        0.2158        0.2762        0.1007        0.2318
  2008.0800       0.2141        0.2404        0.2381        0.1914        0.2169        0.2772       0.09956        0.2326
  2008.1700       0.2268        0.3080        0.2328        0.1927        0.2182        0.2781       0.09838        0.2334
  2008.2500       0.2312        0.3293        0.2165        0.2007        0.2199        0.2788       0.09717        0.2342
  2008.3300       0.2733        0.3000        0.2290        0.2116        0.2218        0.2794       0.09593        0.2351
  2008.4200       0.2162        0.2648        0.2906        0.2220        0.2240        0.2798       0.09466        0.2361
  2008.5000       0.2695        0.3338        0.3700        0.2293        0.2265        0.2801       0.09336        0.2371
  2008.5800       0.1927        0.3940        0.4219        0.2320        0.2293        0.2802       0.09204        0.2382
  2008.6700       0.2576        0.3172        0.4224        0.2293        0.2322        0.2800       0.09069        0.2393
  2008.7500       0.3048        0.2200        0.3740        0.2224        0.2353        0.2797       0.08931        0.2404
  2008.8300       0.2446        0.1712        0.3007        0.2143        0.2386        0.2792       0.08791        0.2417
  2008.9200       0.2551        0.1935        0.2551        0.2086        0.2421        0.2785       0.08649        0.2430
  2009.0000       0.1977        0.2255        0.2742        0.2075        0.2457        0.2776       0.08505        0.2443
  2009.0800       0.2403        0.2432        0.3170        0.2116        0.2493        0.2765       0.08359        0.2457
  2009.1700       0.2334        0.2893        0.3374        0.2193        0.2531        0.2751       0.08211        0.2472
  2009.2500       0.2440        0.3245        0.3291        0.2287        0.2568        0.2735       0.08061        0.2487
  2009.3300       0.2222        0.3343        0.3039        0.2379        0.2606        0.2717       0.07910        0.2503
  2009.4200       0.1553        0.3306        0.2775        0.2452        0.2644        0.2696       0.07758        0.2519
  2009.5000       0.2163        0.3461        0.2570        0.2495        0.2680        0.2673       0.07605        0.2536
  2009.5800       0.2674        0.3430        0.2347        0.2497        0.2716        0.2648       0.07452        0.2554
  2009.6700       0.3229        0.3333        0.2128        0.2461        0.2750        0.2620       0.07298        0.2572
  2009.7500       0.3363        0.3835        0.2181        0.2397        0.2781        0.2590       0.07145        0.2591
  2009.8300       0.3046        0.3496        0.2670        0.2317        0.2810        0.2557       0.06992        0.2611
  2009.9200       0.3001        0.2644        0.3338        0.2233        0.2836        0.2522       0.06840        0.2631
  2010.0000       0.4804        0.2702        0.3800        0.2154        0.2858        0.2485       0.06691        0.2652
  2010.0800       0.4552        0.2789        0.3762        0.2084        0.2876        0.2446       0.06543        0.2674
  2010.1700       0.3121        0.2634        0.3196        0.2026        0.2890        0.2405       0.06399        0.2697
  2010.2500       0.2521        0.3249        0.2565        0.1988        0.2898        0.2361       0.06258        0.2720
  2010.3300       0.4074        0.3582        0.2607        0.1974        0.2902        0.2317       0.06122        0.2743
  2010.4200       0.2352        0.3285        0.3391        0.1990        0.2899        0.2270       0.05992        0.2768
  2010.5000       0.2144        0.4653        0.4260        0.2037        0.2891        0.2222       0.05868        0.2793
  2010.5800       0.3016        0.5494        0.4692        0.2111        0.2878        0.2174       0.05753        0.2819
  2010.6700       0.2569        0.4711        0.4481        0.2209        0.2859        0.2125       0.05645        0.2845
  2010.7500       0.2776        0.3457        0.3836        0.2326        0.2834        0.2077       0.05549        0.2873
  2010.8300       0.2857        0.3011        0.3221        0.2456        0.2806        0.2029       0.05463        0.2901
  2010.9200       0.1639        0.2966        0.3113        0.2593        0.2774        0.1982       0.05391        0.2929
  2011.0000       0.2253        0.2306        0.3520        0.2728        0.2741        0.1938       0.05332        0.2958
  2011.0800       0.3034        0.2130        0.4021        0.2851        0.2709        0.1898       0.05289        0.2988
  2011.1700       0.2932        0.2721        0.4394        0.2955        0.2680        0.1862       0.05263        0.3019
  2011.2500       0.3012        0.3842        0.4851        0.3031        0.2658        0.1832       0.05255        0.3051
  2011.3300       0.3098        0.4832        0.5545        0.3071        0.2649        0.1808       0.05266        0.3083
  2011.4200       0.3889        0.5506        0.6355        0.3071        0.2656        0.1794       0.05297        0.3116
  2011.5000       0.3607        0.6737        0.7014        0.3033        0.2687        0.1790       0.05348        0.3149
  2011.5800       0.3616        0.7370        0.7244        0.2966        0.2747        0.1797       0.05420        0.3183
  2011.6700       0.3681        0.6716        0.6802        0.2892        0.2842        0.1817       0.05513        0.3218
  2011.7500       0.3863        0.5611        0.5530        0.2854        0.2978        0.1851       0.05627        0.3254
  2011.8300       0.3603        0.5345        0.3619        0.2919        0.3158        0.1899       0.05761        0.3290
  2011.9200       0.3873        0.7234        0.3726        0.3167        0.3386        0.1963       0.05916        0.3327
  2012.0000       0.5680         1.155        0.8443        0.3664        0.3661        0.2042       0.06091        0.3365

         Freq      HH.IMF1       HH.IMF2       HH.IMF3       HH.IMF4       HH.IMF5       HH.IMF6       HH.IMF7
      0.04796        0.000         0.000         0.000         0.000       0.01341         1.004      0.003890
      0.05287        0.000      0.005909         0.000         0.000       0.02682         1.356     0.0009725
      0.05829        0.000      0.005909         0.000         0.000       0.01341         1.166     0.0002084
      0.06427        0.000      0.005909         0.000         0.000       0.01341        0.2984     0.0003473
      0.07086        0.000         0.000         0.000         0.000        0.1743        0.1356     0.0004863
      0.07812        0.000         0.000         0.000         0.000        0.1341        0.1356     0.0004168
      0.08613     0.001744         0.000      0.006699         0.000       0.08045       0.08137     0.0003473
      0.09495     0.005233         0.000         0.000         0.000        0.2682       0.08137     0.0003473
       0.1047        0.000         0.000         0.000         0.000        0.5363       0.08137     0.0001389
       0.1154        0.000         0.000      0.006699         0.000        0.2682       0.05425         0.000
       0.1272        0.000      0.005909         0.000         0.000       0.09386         0.000         0.000
       0.1403        0.000         0.000         0.000         0.000       0.09386         0.000         0.000
       0.1547     0.001744      0.005909       0.02010       0.01538        0.1073         0.000         0.000
       0.1705     0.001744      0.005909       0.01340       0.01845        0.2816         0.000         0.000
       0.1880     0.001744         0.000       0.03349       0.01538        0.5900         0.000         0.000
       0.2073        0.000         0.000       0.02010      0.009225        0.5497         0.000         0.000
       0.2285     0.003489         0.000       0.02680       0.01230        0.1073         0.000         0.000
       0.2519        0.000         0.000       0.03349        0.1230       0.04022         0.000         0.000
       0.2778     0.003489      0.005909       0.02010       0.04305         0.000         0.000         0.000
       0.3062     0.001744       0.01182       0.01340       0.01538         0.000         0.000         0.000
       0.3376     0.001744         0.000       0.04019        0.1138         0.000         0.000         0.000
       0.3722     0.003489      0.005909       0.03349        0.1353         0.000         0.000         0.000
       0.4104        0.000      0.005909       0.06029       0.06765         0.000         0.000         0.000
       0.4524     0.001744      0.005909        0.1809       0.07688         0.000         0.000         0.000
       0.4988      0.01047       0.02364        0.1541        0.1015         0.000         0.000         0.000
       0.5500     0.001744       0.04727        0.1273       0.04920         0.000         0.000         0.000
       0.6063     0.006978       0.07091        0.1876      0.003075         0.000         0.000         0.000
       0.6685      0.01047       0.02955        0.2077         0.000         0.000         0.000         0.000
       0.7370      0.01047       0.06500        0.1407      0.003075         0.000         0.000         0.000
       0.8125      0.01570        0.1005        0.1005         0.000         0.000         0.000         0.000
       0.8958     0.008722       0.08273       0.06699         0.000         0.000         0.000         0.000
       0.9876      0.01919        0.1477       0.06029      0.003075         0.000         0.000         0.000
        1.089      0.01744        0.1773       0.06029         0.000         0.000         0.000         0.000
        1.200      0.02093        0.2186       0.07369         0.000         0.000         0.000         0.000
        1.324      0.02617        0.2423       0.03349         0.000         0.000         0.000         0.000
        1.459      0.04536        0.1182      0.006699         0.000         0.000         0.000         0.000
        1.609      0.03140       0.07091       0.01340         0.000         0.000         0.000         0.000
        1.774      0.02966       0.04136         0.000         0.000         0.000         0.000         0.000
        1.955      0.06280       0.02364         0.000         0.000         0.000         0.000         0.000
        2.156      0.04012      0.005909         0.000         0.000         0.000         0.000         0.000
        2.377      0.02442         0.000         0.000         0.000         0.000         0.000         0.000
        2.620      0.01744         0.000         0.000         0.000         0.000         0.000         0.000
        2.889     0.005233         0.000         0.000         0.000         0.000         0.000         0.000
        3.185     0.008722         0.000         0.000         0.000         0.000         0.000         0.000
        3.512     0.001744         0.000         0.000         0.000         0.000         0.000         0.000
        3.872     0.003489         0.000         0.000         0.000         0.000         0.000         0.000
        4.269     0.001744         0.000         0.000         0.000         0.000         0.000         0.000
        4.706        0.000         0.000         0.000         0.000         0.000         0.000         0.000
        5.188        0.000         0.000         0.000         0.000         0.000         0.000         0.000

                    IMF1          IMF2          IMF3          IMF4          IMF5          IMF6          IMF7
     Period       -1.563       -0.3983        0.4597         1.460         2.460         4.460         4.460
     Energy      -0.8273        0.4484       -0.2008        -1.640        -2.640        -1.835        -9.636

 5%.Sig.Lvl
       Period        Energy
       -2.142       -0.8540
       -2.069       -0.9144
       -1.996       -0.9746
       -1.923        -1.035
       -1.851        -1.095
       -1.778        -1.154
       -1.705        -1.214
       -1.632        -1.273
       -1.559        -1.332
       -1.486        -1.391
       -1.413        -1.450
       -1.341        -1.508
       -1.268        -1.567
       -1.195        -1.625
       -1.122        -1.683
       -1.049        -1.741
      -0.9762        -1.798
      -0.9034        -1.855
      -0.8305        -1.912
      -0.7576        -1.969
      -0.6848        -2.026
      -0.6119        -2.082
      -0.5391        -2.138
      -0.4662        -2.194
      -0.3933        -2.250
      -0.3205        -2.305
      -0.2476        -2.361
      -0.1747        -2.416
      -0.1019        -2.470
     -0.02901        -2.525
      0.04386        -2.579
       0.1167        -2.633
       0.1896        -2.686
       0.2624        -2.740
       0.3353        -2.793
       0.4082        -2.846
       0.4810        -2.898
       0.5539        -2.951
       0.6268        -3.003
       0.6996        -3.054
       0.7725        -3.106
       0.8454        -3.157
       0.9182        -3.208
       0.9911        -3.258
        1.064        -3.309
        1.137        -3.359
        1.210        -3.408
        1.283        -3.458
        1.355        -3.507
        1.428        -3.556
        1.501        -3.604
        1.574        -3.653
        1.647        -3.701
        1.720        -3.749
        1.793        -3.796
        1.865        -3.843
        1.938        -3.890
        2.011        -3.937
        2.084        -3.983
        2.157        -4.029
        2.230        -4.075
        2.303        -4.120
        2.375        -4.165
        2.448        -4.210
        2.521        -4.255
        2.594        -4.300
        2.667        -4.344
        2.740        -4.388
        2.813        -4.432
        2.886        -4.475
        2.958        -4.519
        3.031        -4.562
        3.104        -4.605
        3.177        -4.647
        3.250        -4.690
        3.323        -4.732
        3.396        -4.775
        3.468        -4.817
        3.541        -4.859
        3.614        -4.901
        3.687        -4.943
        3.760        -4.984
        3.833        -5.026
        3.906        -5.068
        3.978        -5.109
        4.051        -5.151
        4.124        -5.192
        4.197        -5.234
        4.270        -5.275
        4.343        -5.317
        4.416        -5.359
        4.489        -5.401
        4.561        -5.442
        4.634        -5.485
        4.707        -5.527
        4.780        -5.569
        4.853        -5.612
        4.926        -5.655
        4.999        -5.698
        5.071        -5.742

 1%.Sig.Lvl
       Period        Energy
       -2.142       -0.7250
       -2.069       -0.7824
       -1.996       -0.8396
       -1.923       -0.8965
       -1.851       -0.9532
       -1.778        -1.010
       -1.705        -1.066
       -1.632        -1.122
       -1.559        -1.177
       -1.486        -1.233
       -1.413        -1.288
       -1.341        -1.343
       -1.268        -1.397
       -1.195        -1.452
       -1.122        -1.506
       -1.049        -1.559
      -0.9762        -1.613
      -0.9034        -1.666
      -0.8305        -1.719
      -0.7576        -1.771
      -0.6848        -1.823
      -0.6119        -1.875
      -0.5391        -1.927
      -0.4662        -1.978
      -0.3933        -2.029
      -0.3205        -2.080
      -0.2476        -2.130
      -0.1747        -2.180
      -0.1019        -2.229
     -0.02901        -2.279
      0.04386        -2.328
       0.1167        -2.376
       0.1896        -2.424
       0.2624        -2.472
       0.3353        -2.520
       0.4082        -2.567
       0.4810        -2.613
       0.5539        -2.660
       0.6268        -2.706
       0.6996        -2.751
       0.7725        -2.796
       0.8454        -2.841
       0.9182        -2.886
       0.9911        -2.930
        1.064        -2.973
        1.137        -3.016
        1.210        -3.059
        1.283        -3.102
        1.355        -3.144
        1.428        -3.186
        1.501        -3.227
        1.574        -3.268
        1.647        -3.308
        1.720        -3.348
        1.793        -3.388
        1.865        -3.427
        1.938        -3.466
        2.011        -3.504
        2.084        -3.543
        2.157        -3.580
        2.230        -3.617
        2.303        -3.654
        2.375        -3.691
        2.448        -3.727
        2.521        -3.763
        2.594        -3.798
        2.667        -3.833
        2.740        -3.868
        2.813        -3.902
        2.886        -3.936
        2.958        -3.970
        3.031        -4.003
        3.104        -4.036
        3.177        -4.068
        3.250        -4.100
        3.323        -4.132
        3.396        -4.164
        3.468        -4.195
        3.541        -4.226
        3.614        -4.257
        3.687        -4.287
        3.760        -4.317
        3.833        -4.347
        3.906        -4.377
        3.978        -4.406
        4.051        -4.436
        4.124        -4.465
        4.197        -4.493
        4.270        -4.522
        4.343        -4.550
        4.416        -4.579
        4.489        -4.607
        4.561        -4.635
        4.634        -4.662
        4.707        -4.690
        4.780        -4.718
        4.853        -4.745
        4.926        -4.773
        4.999        -4.800
        5.071        -4.827
