NTime  264 NIMF  8

       Time       RawData
  1990.0800         12.68
  1990.1700         12.68
  1990.2500         12.59
  1990.3300         12.40
  1990.4200         12.30
  1990.5000         12.34
  1990.5800         12.51
  1990.6700         12.68
  1990.7500         13.01
  1990.8300         12.96
  1990.9200         12.88
  1991.0000         12.81
  1991.0800         12.65
  1991.1700         12.67
  1991.2500         12.52
  1991.3300         12.37
  1991.4200         12.21
  1991.5000         12.25
  1991.5800         12.42
  1991.6700         12.76
  1991.7500         12.98
  1991.8300         13.04
  1991.9200         12.86
  1992.0000         12.78
  1992.0800         12.68
  1992.1700         12.62
  1992.2500         12.66
  1992.3300         12.53
  1992.4200         12.42
  1992.5000         12.37
  1992.5800         12.45
  1992.6700         12.80
  1992.7500         13.11
  1992.8300         13.27
  1992.9200         13.11
  1993.0000         12.83
  1993.0800         12.86
  1993.1700         12.92
  1993.2500         12.93
  1993.3300         12.83
  1993.4200         12.62
  1993.5000         12.53
  1993.5800         12.58
  1993.6700         12.73
  1993.7500         12.90
  1993.8300         12.99
  1993.9200         12.90
  1994.0000         12.77
  1994.0800         12.63
  1994.1700         12.60
  1994.2500         12.60
  1994.3300         12.51
  1994.4200         12.34
  1994.5000         12.21
  1994.5800         12.33
  1994.6700         12.53
  1994.7500         12.84
  1994.8300         12.99
  1994.9200         13.07
  1995.0000         12.84
  1995.0800         13.01
  1995.1700         12.91
  1995.2500         12.88
  1995.3300         12.84
  1995.4200         12.57
  1995.5000         12.45
  1995.5800         12.50
  1995.6700         12.75
  1995.7500         12.93
  1995.8300         13.09
  1995.9200         13.03
  1996.0000         12.80
  1996.0800         12.86
  1996.1700         12.85
  1996.2500         12.75
  1996.3300         12.66
  1996.4200         12.53
  1996.5000         12.38
  1996.5800         12.34
  1996.6700         12.47
  1996.7500         12.73
  1996.8300         12.91
  1996.9200         13.01
  1997.0000         12.90
  1997.0800         12.78
  1997.1700         12.86
  1997.2500         12.87
  1997.3300         12.92
  1997.4200         12.71
  1997.5000         12.59
  1997.5800         12.49
  1997.6700         12.61
  1997.7500         12.76
  1997.8300         12.89
  1997.9200         13.06
  1998.0000         12.87
  1998.0800         12.68
  1998.1700         12.67
  1998.2500         12.62
  1998.3300         12.57
  1998.4200         12.41
  1998.5000         12.22
  1998.5800         12.18
  1998.6700         12.36
  1998.7500         12.57
  1998.8300         12.81
  1998.9200         12.98
  1999.0000         12.92
  1999.0800         12.74
  1999.1700         12.76
  1999.2500         12.97
  1999.3300         12.87
  1999.4200         12.74
  1999.5000         12.62
  1999.5800         12.42
  1999.6700         12.55
  1999.7500         12.73
  1999.8300         12.92
  1999.9200         12.99
  2000.0000         12.97
  2000.0800         12.84
  2000.1700         12.75
  2000.2500         12.67
  2000.3300         12.65
  2000.4200         12.51
  2000.5000         12.41
  2000.5800         12.34
  2000.6700         12.43
  2000.7500         12.66
  2000.8300         12.88
  2000.9200         13.00
  2001.0000         12.91
  2001.0800         12.56
  2001.1700         12.49
  2001.2500         12.52
  2001.3300         12.61
  2001.4200         12.50
  2001.5000         12.41
  2001.5800         12.28
  2001.6700         12.36
  2001.7500         12.61
  2001.8300         12.91
  2001.9200         12.97
  2002.0000         12.99
  2002.0800         12.83
  2002.1700         12.68
  2002.2500         12.58
  2002.3300         12.69
  2002.4200         12.61
  2002.5000         12.45
  2002.5800         12.28
  2002.6700         12.32
  2002.7500         12.32
  2002.8300         12.62
  2002.9200         12.84
  2003.0000         12.77
  2003.0800         12.58
  2003.1700         12.61
  2003.2500         12.51
  2003.3300         12.57
  2003.4200         12.50
  2003.5000         12.33
  2003.5800         12.20
  2003.6700         12.14
  2003.7500         12.37
  2003.8300         12.65
  2003.9200         12.82
  2004.0000         12.95
  2004.0800         12.80
  2004.1700         12.59
  2004.2500         12.57
  2004.3300         12.69
  2004.4200         12.68
  2004.5000         12.54
  2004.5800         12.39
  2004.6700         12.31
  2004.7500         12.49
  2004.8300         12.60
  2004.9200         12.85
  2005.0000         13.10
  2005.0800         12.80
  2005.1700         12.62
  2005.2500         12.62
  2005.3300         12.68
  2005.4200         12.63
  2005.5000         12.47
  2005.5800         12.30
  2005.6700         12.17
  2005.7500         12.29
  2005.8300         12.57
  2005.9200         12.80
  2006.0000         12.84
  2006.0800         12.73
  2006.1700         12.54
  2006.2500         12.50
  2006.3300         12.68
  2006.4200         12.78
  2006.5000         12.68
  2006.5800         12.61
  2006.6700         12.43
  2006.7500         12.53
  2006.8300         12.70
  2006.9200         12.93
  2007.0000         13.07
  2007.0800         13.14
  2007.1700         12.92
  2007.2500         12.75
  2007.3300         12.71
  2007.4200         12.64
  2007.5000         12.49
  2007.5800         12.38
  2007.6700         12.22
  2007.7500         12.36
  2007.8300         12.50
  2007.9200         12.78
  2008.0000         12.95
  2008.0800         12.90
  2008.1700         12.78
  2008.2500         12.73
  2008.3300         12.98
  2008.4200         12.85
  2008.5000         12.67
  2008.5800         12.59
  2008.6700         12.47
  2008.7500         12.48
  2008.8300         12.71
  2008.9200         12.97
  2009.0000         13.18
  2009.0800         13.16
  2009.1700         12.98
  2009.2500         12.83
  2009.3300         12.86
  2009.4200         12.89
  2009.5000         12.81
  2009.5800         12.69
  2009.6700         12.50
  2009.7500         12.44
  2009.8300         12.61
  2009.9200         12.91
  2010.0000         13.05
  2010.0800         13.04
  2010.1700         12.74
  2010.2500         12.59
  2010.3300         12.53
  2010.4200         12.73
  2010.5000         12.82
  2010.5800         12.64
  2010.6700         12.46
  2010.7500         12.42
  2010.8300         12.57
  2010.9200         12.73
  2011.0000         13.02
  2011.0800         13.16
  2011.1700         12.97
  2011.2500         12.76
  2011.3300         12.68
  2011.4200         12.83
  2011.5000         12.83
  2011.5800         12.77
  2011.6700         12.62
  2011.7500         12.55
  2011.8300         12.67
  2011.9200         12.95
  2012.0000         13.08

       Time         IMF1          IMF2          IMF3          IMF4          IMF5          IMF6          IMF7      Residual
  1990.0800       0.1162      -0.05455      -0.05921       0.02096     -0.003683      -0.01176      0.004546         12.67
  1990.1700       0.2004       -0.1309      -0.05824      0.002163     -0.002495     -0.009502      0.004669         12.67
  1990.2500       0.1845       -0.1952      -0.05489      -0.01456     -0.001416     -0.007285      0.004785         12.67
  1990.3300      0.03847       -0.2301      -0.04975      -0.02928    -0.0004436     -0.005105      0.004896         12.67
  1990.4200     -0.06830       -0.2174      -0.04337      -0.04208     0.0004263     -0.002963      0.005000         12.67
  1990.5000      -0.1070       -0.1410      -0.03632      -0.05303      0.001197    -0.0008583      0.005099         12.67
  1990.5800     -0.07148    -0.0009555      -0.02916      -0.06221      0.001873      0.001209      0.005192         12.67
  1990.6700     -0.08118        0.1727      -0.02246      -0.06969      0.002456      0.003238      0.005279         12.67
  1990.7500       0.1107        0.3115      -0.01678      -0.07556      0.002952      0.005230      0.005360         12.67
  1990.8300     0.009973        0.3516      -0.01267      -0.07988      0.003363      0.007184      0.005435         12.67
  1990.9200     -0.01026        0.3021      -0.01056      -0.08274      0.003693      0.009101      0.005505         12.67
  1991.0000     0.009244        0.2116      -0.01045      -0.08421      0.003946       0.01098      0.005570         12.67
  1991.0800     -0.05369        0.1188      -0.01196      -0.08436      0.004125       0.01282      0.005629         12.67
  1991.1700      0.06301       0.01890      -0.01419      -0.08328      0.004234       0.01463      0.005682         12.67
  1991.2500      0.02559       -0.1048      -0.01617      -0.08105      0.004276       0.01639      0.005730         12.67
  1991.3300      0.01242       -0.2384      -0.01718      -0.07773      0.004256       0.01812      0.005773         12.67
  1991.4200     -0.08004       -0.3206      -0.01658      -0.07339      0.004176       0.01981      0.005811         12.67
  1991.5000     -0.07396       -0.2889      -0.01390      -0.06811      0.004040       0.02147      0.005844         12.67
  1991.5800     -0.06172       -0.1371     -0.009680      -0.06194      0.003853       0.02309      0.005871         12.67
  1991.6700      0.05813       0.06891     -0.005596      -0.05496      0.003617       0.02467      0.005894         12.67
  1991.7500      0.08802        0.2348     -0.003546      -0.04722      0.003336       0.02621      0.005912         12.67
  1991.8300      0.09712        0.2889     -0.005341      -0.03881      0.003014       0.02771      0.005924         12.67
  1991.9200     -0.03948        0.2372      -0.01208      -0.02979      0.002654       0.02918      0.005932         12.67
  1992.0000     -0.02471        0.1414      -0.02320      -0.02023      0.002261       0.03061      0.005936         12.66
  1992.0800     -0.04026       0.05733      -0.03739      -0.01024      0.001837       0.03200      0.005934         12.66
  1992.1700     -0.02316     -0.007011      -0.05185     0.0001192      0.001386       0.03336      0.005928         12.66
  1992.2500      0.08595      -0.07536      -0.06191       0.01072     0.0009119       0.03468      0.005918         12.66
  1992.3300      0.02366       -0.1565      -0.06350       0.02143     0.0004184       0.03596      0.005903         12.66
  1992.4200     -0.03797       -0.2248      -0.05453       0.03205    -9.120E-05       0.03720      0.005884         12.66
  1992.5000      -0.1179       -0.2329      -0.03408       0.04232    -0.0006132       0.03841      0.005860         12.66
  1992.5800      -0.1492       -0.1508     -0.003214       0.05188     -0.001144       0.03958      0.005832         12.66
  1992.6700      0.01089     -0.006066       0.03302       0.06037     -0.001681       0.04071      0.005800         12.66
  1992.7500       0.1246        0.1350       0.06862       0.06739     -0.002219       0.04180      0.005764         12.66
  1992.8300       0.1927        0.2049       0.09775       0.07258     -0.002755       0.04286      0.005724         12.66
  1992.9200      0.03086        0.1787        0.1159       0.07556     -0.003286       0.04388      0.005679         12.66
  1993.0000      -0.1832        0.1048        0.1221       0.07599     -0.003809       0.04486      0.005631         12.66
  1993.0800     -0.08121       0.04165        0.1165       0.07370     -0.004317       0.04581      0.005579         12.66
  1993.1700      0.03913      0.008075        0.1013       0.06866     -0.004808       0.04672      0.005523         12.66
  1993.2500       0.1007      -0.02505       0.08305       0.06088     -0.005275       0.04759      0.005464         12.66
  1993.3300      0.08212      -0.08783       0.06811       0.05048     -0.005709       0.04842      0.005401         12.66
  1993.4200     -0.01164       -0.1615       0.05883       0.03767     -0.006103       0.04922      0.005334         12.66
  1993.5000     -0.06219       -0.1917       0.05588       0.02283     -0.006446       0.04998      0.005264         12.66
  1993.5800     -0.05232       -0.1389       0.05904      0.006568     -0.006728       0.05071      0.005190         12.66
  1993.6700     -0.01695      -0.01793       0.06486      -0.01034     -0.006941       0.05139      0.005113         12.66
  1993.7500      0.04435        0.1113       0.06873      -0.02707     -0.007074       0.05204      0.005032         12.66
  1993.8300      0.06722        0.1873       0.06596      -0.04278     -0.007117       0.05265      0.004949         12.66
  1993.9200      0.01310        0.1844       0.05242      -0.05674     -0.007061       0.05323      0.004862         12.66
  1994.0000     -0.02314        0.1309       0.02667      -0.06834     -0.006897       0.05377      0.004772         12.66
  1994.0800     -0.07433       0.07583      -0.01048      -0.07714     -0.006613       0.05427      0.004679         12.66
  1994.1700     -0.01520       0.04255      -0.05562      -0.08281     -0.006202       0.05473      0.004583         12.66
  1994.2500      0.05167       0.01021       -0.1007      -0.08504     -0.005653       0.05516      0.004484         12.66
  1994.3300      0.07244      -0.05431       -0.1362      -0.08354     -0.004961       0.05555      0.004382         12.66
  1994.4200      0.01120       -0.1429       -0.1545      -0.07810     -0.004121       0.05590      0.004278         12.66
  1994.5000     -0.09843       -0.2000       -0.1484      -0.06872     -0.003140       0.05622      0.004170         12.66
  1994.5800     -0.05306       -0.1697       -0.1140      -0.05590     -0.002024       0.05650      0.004061         12.66
  1994.6700     -0.02950      -0.05574      -0.05792      -0.04058    -0.0007849       0.05674      0.003948         12.66
  1994.7500      0.05200       0.07886      0.007031      -0.02375     0.0005676       0.05695      0.003833         12.66
  1994.8300      0.05153        0.1565       0.06697     -0.006412      0.002022       0.05712      0.003716         12.66
  1994.9200      0.08912        0.1354        0.1090       0.01041      0.003569       0.05725      0.003596         12.66
  1995.0000      -0.1121       0.07277        0.1240       0.02567      0.005194       0.05735      0.003474         12.66
  1995.0800      0.07763       0.06016        0.1070       0.03848      0.006888       0.05741      0.003349         12.66
  1995.1700     -0.02025       0.08987       0.06431       0.04842      0.008637       0.05743      0.003223         12.66
  1995.2500     0.009830       0.08067       0.01210       0.05523       0.01043       0.05741      0.003094         12.66
  1995.3300      0.08704     0.0008069      -0.03484       0.05866       0.01224       0.05736      0.002964         12.66
  1995.4200     -0.03572       -0.1153      -0.06698       0.05853       0.01405       0.05728      0.002831         12.66
  1995.5000     -0.08017       -0.1880      -0.07643       0.05469       0.01583       0.05716      0.002696         12.66
  1995.5800     -0.07863       -0.1547      -0.05874       0.04726       0.01757       0.05700      0.002560         12.66
  1995.6700      0.03294      -0.03601      -0.02114       0.03695       0.01922       0.05680      0.002422         12.66
  1995.7500      0.04940       0.09395       0.02440       0.02468       0.02077       0.05657      0.002282         12.66
  1995.8300       0.1059        0.1597       0.06554       0.01140       0.02217       0.05631      0.002141         12.66
  1995.9200      0.05638        0.1406       0.09141     -0.001927       0.02340       0.05601      0.001997         12.66
  1996.0000      -0.1154       0.08614       0.09621      -0.01438       0.02442       0.05567      0.001853         12.66
  1996.0800      0.01013       0.05666       0.07793      -0.02523       0.02520       0.05530      0.001707         12.66
  1996.1700      0.04143       0.05506       0.04032      -0.03391       0.02570       0.05489      0.001559         12.66
  1996.2500      0.01660       0.04036     -0.006802      -0.04001       0.02591       0.05445      0.001411         12.66
  1996.3300      0.03136      -0.01720      -0.05303      -0.04318       0.02580       0.05397      0.001261         12.66
  1996.4200      0.02526       -0.1030      -0.09029      -0.04315       0.02535       0.05346      0.001110         12.66
  1996.5000     -0.03589       -0.1752       -0.1116      -0.03974       0.02456       0.05291     0.0009574         12.66
  1996.5800     -0.06917       -0.1823       -0.1110      -0.03293       0.02346       0.05233     0.0008042         12.66
  1996.6700     -0.04450       -0.1036      -0.08782      -0.02330       0.02207       0.05172     0.0006500         12.66
  1996.7500      0.03139       0.02146      -0.05000      -0.01170       0.02042       0.05107     0.0004949         12.66
  1996.8300      0.06516        0.1252     -0.007282     0.0009884       0.01854       0.05038     0.0003389         12.66
  1996.9200      0.08522        0.1543       0.03105       0.01389       0.01647       0.04966     0.0001822         12.66
  1997.0000     -0.01649        0.1105       0.05785       0.02612       0.01423       0.04890     2.480E-05         12.66
  1997.0800      -0.1048       0.05458       0.06851       0.03685       0.01187       0.04811    -0.0001333         12.66
  1997.1700     0.003400       0.04181       0.06093       0.04537      0.009410       0.04728    -0.0002919         12.66
  1997.2500      0.01015       0.05665       0.04101       0.05127      0.006889       0.04641    -0.0004510         12.66
  1997.3300      0.09646       0.03071       0.01930       0.05419      0.004338       0.04551    -0.0006105         12.66
  1997.4200    -0.006409      -0.05397      0.003975       0.05384      0.001790       0.04457    -0.0007704         12.66
  1997.5000     -0.01456       -0.1462     -0.001621       0.04999    -0.0007213       0.04360    -0.0009306         12.66
  1997.5800     -0.08007       -0.1800      0.004518       0.04260     -0.003162       0.04258     -0.001091         12.66
  1997.6700     -0.02825       -0.1221       0.02228       0.03209     -0.005496       0.04153     -0.001252         12.67
  1997.7500    -0.007911      0.002052       0.04562       0.01927     -0.007688       0.04044     -0.001412         12.67
  1997.8300   -0.0002561        0.1292       0.06650      0.005089     -0.009703       0.03931     -0.001573         12.67
  1997.9200       0.1167        0.1894       0.07675     -0.009526      -0.01151       0.03814     -0.001734         12.67
  1998.0000     -0.02187        0.1551       0.07007      -0.02369      -0.01307       0.03693     -0.001894         12.67
  1998.0800     -0.09919       0.08157       0.04630      -0.03667      -0.01435       0.03567     -0.002055         12.67
  1998.1700    -0.006566       0.02831      0.008204      -0.04792      -0.01532       0.03438     -0.002215         12.67
  1998.2500      0.03097     0.0003335      -0.03803      -0.05698      -0.01594       0.03305     -0.002375         12.67
  1998.3300      0.07515      -0.04465      -0.08246      -0.06342      -0.01619       0.03168     -0.002534         12.67
  1998.4200      0.03988       -0.1211       -0.1166      -0.06682      -0.01606       0.03026     -0.002693         12.67
  1998.5000     -0.06903       -0.1906       -0.1346      -0.06677      -0.01552       0.02881     -0.002852         12.67
  1998.5800      -0.1103       -0.1964       -0.1319      -0.06304      -0.01459       0.02732     -0.003010         12.67
  1998.6700     -0.04220       -0.1181       -0.1076      -0.05596      -0.01330       0.02578     -0.003167         12.67
  1998.7500     0.001853      0.006770      -0.06828      -0.04621      -0.01170       0.02421     -0.003324         12.67
  1998.8300      0.07420        0.1185      -0.02252      -0.03452     -0.009829       0.02260     -0.003480         12.67
  1998.9200       0.1437        0.1709       0.02135      -0.02166     -0.007731       0.02095     -0.003635         12.67
  1999.0000      0.04302        0.1551       0.05628     -0.008392     -0.005457       0.01927     -0.003789         12.67
  1999.0800      -0.1368        0.1106       0.07713      0.004518     -0.003056       0.01754     -0.003943         12.67
  1999.1700     -0.09868       0.08004       0.08078       0.01640    -0.0005771       0.01579     -0.004095         12.67
  1999.2500       0.1230       0.06536       0.06948       0.02688      0.001930       0.01400     -0.004246         12.67
  1999.3300      0.05919       0.03278       0.05055       0.03572      0.004418       0.01218     -0.004396         12.67
  1999.4200      0.03722      -0.05001       0.03124       0.04270      0.006839       0.01033     -0.004545         12.67
  1999.5000      0.02239       -0.1519       0.01526       0.04762      0.009149      0.008443     -0.004693         12.67
  1999.5800      -0.1120       -0.2017      0.005215       0.05034       0.01131      0.006530     -0.004839         12.67
  1999.6700     -0.04699       -0.1465      0.003039       0.05085       0.01328      0.004590     -0.004984         12.67
  1999.7500     0.009331      -0.01495      0.006588       0.04932       0.01502      0.002623     -0.005128         12.67
  1999.8300      0.05333        0.1210       0.01229       0.04605       0.01652     0.0006300     -0.005270         12.67
  1999.9200      0.04723        0.1964       0.01654       0.04139       0.01776     -0.001386     -0.005411         12.67
  2000.0000      0.03697        0.1894       0.01655       0.03569       0.01870     -0.003425     -0.005550         12.67
  2000.0800     -0.01747        0.1281       0.01209       0.02934       0.01935     -0.005485     -0.005688         12.67
  2000.1700     -0.02278       0.05662      0.004055       0.02261       0.01971     -0.007564     -0.005824         12.68
  2000.2500    -0.007251     -0.005328     -0.005903       0.01569       0.01977     -0.009660     -0.005959         12.68
  2000.3300      0.05493      -0.06910      -0.01508      0.008708       0.01953      -0.01177     -0.006092         12.68
  2000.4200   -0.0006006       -0.1435      -0.02092      0.001754       0.01902      -0.01390     -0.006223         12.68
  2000.5000     -0.02593       -0.2077      -0.02185     -0.005037       0.01823      -0.01604     -0.006353         12.68
  2000.5800     -0.09424       -0.2144      -0.01699      -0.01148       0.01717      -0.01819     -0.006480         12.68
  2000.6700     -0.08411       -0.1327     -0.006775      -0.01735       0.01585      -0.02034     -0.006607         12.68
  2000.7500    -0.001446       0.01340      0.005399      -0.02243       0.01428      -0.02251     -0.006731         12.68
  2000.8300      0.07797        0.1572       0.01539      -0.02655       0.01247      -0.02467     -0.006854         12.68
  2000.9200       0.1311        0.2250       0.01912      -0.02950       0.01042      -0.02684     -0.006974         12.68
  2001.0000      0.08907        0.1854       0.01366      -0.03115      0.008161      -0.02901     -0.007093         12.68
  2001.0800      -0.1403       0.08524    -0.0002081      -0.03140      0.005698      -0.03117     -0.007210         12.68
  2001.1700      -0.1058    -4.618E-05      -0.02083      -0.03021      0.003051      -0.03333     -0.007325         12.68
  2001.2500     -0.01282      -0.03733      -0.04522      -0.02759     0.0002419      -0.03548     -0.007439         12.68
  2001.3300       0.1200      -0.06047      -0.06594      -0.02359     -0.002707      -0.03762     -0.007550         12.68
  2001.4200      0.07213       -0.1061      -0.07491      -0.01827     -0.005771      -0.03974     -0.007659         12.68
  2001.5000      0.03081       -0.1695      -0.06889      -0.01176     -0.008924      -0.04185     -0.007766         12.68
  2001.5800     -0.09856       -0.1983      -0.04818     -0.004338      -0.01214      -0.04393     -0.007871         12.68
  2001.6700      -0.1002       -0.1435      -0.01502      0.003556      -0.01538      -0.04600     -0.007974         12.68
  2001.7500     -0.01066      -0.01441       0.02434       0.01145      -0.01863      -0.04804     -0.008075         12.68
  2001.8300      0.09861        0.1243       0.06190       0.01885      -0.02186      -0.05005     -0.008173         12.69
  2001.9200      0.05617        0.2026       0.08952       0.02530      -0.02502      -0.05203     -0.008270         12.69
  2002.0000      0.06589        0.1889        0.1005       0.03033      -0.02811      -0.05398     -0.008364         12.69
  2002.0800    -0.008173        0.1159       0.09393       0.03355      -0.03108      -0.05589     -0.008456         12.69
  2002.1700     -0.06334       0.04260       0.07182       0.03485      -0.03392      -0.05777     -0.008546         12.69
  2002.2500     -0.09164      0.009849       0.03779       0.03427      -0.03660      -0.05960     -0.008633         12.69
  2002.3300      0.07445      0.001765     -0.001293       0.03192      -0.03910      -0.06139     -0.008718         12.69
  2002.4200      0.07418      -0.02967      -0.03597       0.02793      -0.04141      -0.06314     -0.008801         12.69
  2002.5000      0.01157      -0.09935      -0.05924       0.02246      -0.04351      -0.06483     -0.008882         12.69
  2002.5800     -0.06428       -0.1672      -0.06776       0.01567      -0.04539      -0.06648     -0.008959         12.69
  2002.6700     -0.01761       -0.1773      -0.05978      0.007857      -0.04704      -0.06807     -0.009035         12.69
  2002.7500      -0.1160      -0.09036      -0.03664    -0.0006319      -0.04846      -0.06961     -0.009108         12.69
  2002.8300      0.02612       0.05339     -0.005888     -0.009398      -0.04963      -0.07110     -0.009178         12.69
  2002.9200       0.1142        0.1612       0.02335      -0.01804      -0.05056      -0.07252     -0.009246         12.69
  2003.0000      0.02877        0.1644       0.04272      -0.02615      -0.05124      -0.07389     -0.009312         12.69
  2003.0800     -0.09040       0.09911       0.04760      -0.03333      -0.05167      -0.07520     -0.009374         12.69
  2003.1700     0.008746       0.04220       0.03606      -0.03925      -0.05185      -0.07645     -0.009435         12.70
  2003.2500     -0.05237       0.03559      0.009465      -0.04364      -0.05178      -0.07763     -0.009492         12.70
  2003.3300      0.05435       0.02836      -0.02327      -0.04631      -0.05145      -0.07876     -0.009547         12.70
  2003.4200      0.07329      -0.02290      -0.05193      -0.04713      -0.05089      -0.07982     -0.009599         12.70
  2003.5000     0.005797       -0.1155      -0.07084      -0.04598      -0.05009      -0.08082     -0.009649         12.70
  2003.5800     -0.05040       -0.1937      -0.07690      -0.04282      -0.04908      -0.08175     -0.009695         12.70
  2003.6700      -0.1268       -0.1913      -0.06807      -0.03771      -0.04786      -0.08263     -0.009739         12.70
  2003.7500     -0.02373      -0.08932      -0.04605      -0.03093      -0.04647      -0.08344     -0.009780         12.70
  2003.8300      0.06745       0.05786      -0.01711      -0.02283      -0.04492      -0.08418     -0.009818         12.70
  2003.9200      0.08746        0.1777       0.01153      -0.01380      -0.04323      -0.08487     -0.009854         12.70
  2004.0000       0.1405        0.2174       0.03313     -0.004228      -0.04143      -0.08549     -0.009886         12.70
  2004.0800     0.008976        0.1773       0.04368      0.005503      -0.03954      -0.08604     -0.009916         12.70
  2004.1700      -0.1392        0.1027       0.04309       0.01500      -0.03758      -0.08654     -0.009943         12.70
  2004.2500      -0.1050       0.03856       0.03307       0.02387      -0.03557      -0.08697     -0.009966         12.70
  2004.3300      0.07381     -0.009167       0.01779       0.03175      -0.03354      -0.08735     -0.009987         12.71
  2004.4200       0.1175      -0.06334      0.004244       0.03825      -0.03151      -0.08766      -0.01000         12.71
  2004.5000      0.04752       -0.1383     -0.001878       0.04304      -0.02949      -0.08791      -0.01002         12.71
  2004.5800     -0.03305       -0.2078      0.001049       0.04589      -0.02751      -0.08811      -0.01003         12.71
  2004.6700      -0.1023       -0.2246       0.01319       0.04671      -0.02558      -0.08824      -0.01004         12.71
  2004.7500     -0.02487       -0.1531       0.03310       0.04555      -0.02370      -0.08832      -0.01004         12.71
  2004.8300     -0.08877     -0.006004       0.05589       0.04257      -0.02189      -0.08834      -0.01005         12.71
  2004.9200     0.005777        0.1430       0.07546       0.03793      -0.02014      -0.08831      -0.01005         12.71
  2005.0000       0.1656        0.2202       0.08563       0.03182      -0.01844      -0.08822      -0.01004         12.71
  2005.0800     -0.08553        0.1856       0.08148       0.02448      -0.01679      -0.08808      -0.01003         12.71
  2005.1700      -0.1509       0.09872       0.06273       0.01625      -0.01519      -0.08788      -0.01002         12.71
  2005.2500     -0.05118       0.02715       0.03132      0.007565      -0.01364      -0.08764      -0.01001         12.71
  2005.3300      0.09695      -0.01709     -0.008228     -0.001119      -0.01211      -0.08735     -0.009992         12.72
  2005.4200       0.1353      -0.05965      -0.04807     -0.009367      -0.01062      -0.08700     -0.009972         12.72
  2005.5000      0.07251       -0.1144      -0.08108      -0.01675     -0.009147      -0.08661     -0.009948         12.72
  2005.5800     -0.03695       -0.1593       -0.1029      -0.02284     -0.007692      -0.08618     -0.009920         12.72
  2005.6700      -0.1493       -0.1566       -0.1106      -0.02731     -0.006245      -0.08570     -0.009889         12.72
  2005.7500      -0.1092      -0.08649       -0.1036      -0.02997     -0.004798      -0.08518     -0.009855         12.72
  2005.8300      0.03235       0.02349      -0.08574      -0.03085     -0.003346      -0.08461     -0.009817         12.72
  2005.9200       0.1594        0.1187      -0.06226      -0.03006     -0.001882      -0.08401     -0.009776         12.72
  2006.0000       0.1266        0.1514      -0.03822      -0.02768    -0.0004038      -0.08336     -0.009731         12.72
  2006.0800      0.03128        0.1201      -0.01746      -0.02383      0.001092      -0.08267     -0.009683         12.72
  2006.1700      -0.1480       0.06487     -0.002200      -0.01869      0.002608      -0.08195     -0.009631         12.72
  2006.2500      -0.1496       0.02165      0.006203      -0.01256      0.004146      -0.08119     -0.009575         12.73
  2006.3300      0.03407     0.0009188      0.009081     -0.005920      0.005708      -0.08039     -0.009516         12.73
  2006.4200       0.1391      -0.01844       0.01152     0.0006714      0.007298      -0.07956     -0.009453         12.73
  2006.5000      0.06434      -0.06303       0.01850      0.006671      0.008916      -0.07869     -0.009386         12.73
  2006.5800      0.04216       -0.1331       0.03145       0.01159       0.01056      -0.07779     -0.009316         12.73
  2006.6700      -0.1151       -0.1776       0.04958       0.01512       0.01224      -0.07686     -0.009242         12.73
  2006.7500     -0.07709       -0.1440       0.07140       0.01718       0.01395      -0.07589     -0.009164         12.73
  2006.8300     -0.03830      -0.03316       0.09366       0.01779       0.01569      -0.07489     -0.009082         12.73
  2006.9200      0.02913        0.1082        0.1118       0.01697       0.01744      -0.07386     -0.008997         12.73
  2007.0000      0.04433        0.2151        0.1208       0.01481       0.01921      -0.07280     -0.008908         12.73
  2007.0800       0.1090        0.2341        0.1164       0.01138       0.02099      -0.07171     -0.008814         12.73
  2007.1700     -0.03536        0.1687       0.09695      0.006863       0.02275      -0.07060     -0.008717         12.74
  2007.2500     -0.07387       0.07489       0.06484      0.001565       0.02451      -0.06945     -0.008616         12.74
  2007.3300     0.007687     -0.004173       0.02416     -0.004138       0.02623      -0.06827     -0.008511         12.74
  2007.4200      0.04609      -0.07082      -0.01954     -0.009861       0.02792      -0.06707     -0.008402         12.74
  2007.5000      0.02180       -0.1474      -0.05984      -0.01522       0.02956      -0.06584     -0.008289         12.74
  2007.5800      0.02170       -0.2269      -0.09120      -0.01982       0.03114      -0.06459     -0.008172         12.74
  2007.6700     -0.09429       -0.2588       -0.1090      -0.02330       0.03264      -0.06330     -0.008050         12.74
  2007.7500     -0.01528       -0.1952       -0.1105      -0.02540       0.03405      -0.06200     -0.007925         12.74
  2007.8300     -0.03435      -0.05451      -0.09875      -0.02601       0.03536      -0.06067     -0.007796         12.74
  2007.9200      0.07483       0.09515      -0.07917      -0.02512       0.03656      -0.05931     -0.007662         12.75
  2008.0000       0.1137        0.1907      -0.05724      -0.02274       0.03763      -0.05793     -0.007524         12.75
  2008.0800      0.02258        0.2091      -0.03788      -0.01895       0.03858      -0.05653     -0.007382         12.75
  2008.1700     -0.09041        0.1862      -0.02510      -0.01387       0.03940      -0.05510     -0.007236         12.75
  2008.2500      -0.1325        0.1630      -0.02157     -0.007680       0.04007      -0.05365     -0.007085         12.75
  2008.3300       0.1354        0.1367      -0.02519    -0.0006447       0.04061      -0.05218     -0.006930         12.75
  2008.4200      0.07695       0.07271      -0.03024      0.006905       0.04101      -0.05069     -0.006771         12.75
  2008.5000     -0.02293      -0.03385      -0.03179       0.01461       0.04127      -0.04918     -0.006608         12.75
  2008.5800     0.001449       -0.1503      -0.02704       0.02209       0.04139      -0.04765     -0.006440         12.75
  2008.6700     -0.07056       -0.2162      -0.01387       0.02897       0.04138      -0.04610     -0.006268         12.76
  2008.7500      -0.1173       -0.1911      0.008852       0.03494       0.04123      -0.04453     -0.006091         12.76
  2008.8300     -0.04173      -0.07665       0.03794       0.03981       0.04096      -0.04295     -0.005910         12.76
  2008.9200      0.03970       0.06884       0.06756       0.04342       0.04056      -0.04134     -0.005724         12.76
  2009.0000       0.1204        0.1703       0.09146       0.04563       0.04003      -0.03972     -0.005534         12.76
  2009.0800      0.07219        0.1823        0.1041       0.04631       0.03939      -0.03808     -0.005339         12.76
  2009.1700     -0.05455        0.1267        0.1032       0.04537       0.03863      -0.03643     -0.005140         12.76
  2009.2500      -0.1179       0.05673       0.08929       0.04286       0.03777      -0.03476     -0.004936         12.76
  2009.3300     -0.01160       0.01009       0.06399       0.03891       0.03681      -0.03308     -0.004728         12.76
  2009.4200      0.08081      -0.01752       0.03231       0.03369       0.03577      -0.03138     -0.004514         12.77
  2009.5000      0.07797      -0.05709      0.001528       0.02739       0.03464      -0.02966     -0.004297         12.77
  2009.5800      0.05294       -0.1211      -0.02292       0.02017       0.03344      -0.02794     -0.004074         12.77
  2009.6700     -0.07367       -0.1714      -0.03874       0.01225       0.03219      -0.02620     -0.003847         12.77
  2009.7500      -0.1325       -0.1570      -0.04494      0.003903       0.03088      -0.02445     -0.003615         12.77
  2009.8300     -0.05576      -0.06420      -0.04246     -0.004591       0.02953      -0.02268     -0.003378         12.77
  2009.9200       0.1146       0.06156      -0.03537      -0.01294       0.02814      -0.02091     -0.003137         12.77
  2010.0000       0.1570        0.1533      -0.02842      -0.02086       0.02674      -0.01912     -0.002890         12.77
  2010.0800       0.1470        0.1636      -0.02571      -0.02807       0.02531      -0.01733     -0.002639         12.78
  2010.1700     -0.09516        0.1114      -0.02834      -0.03435       0.02388      -0.01553     -0.002383         12.78
  2010.2500      -0.1717       0.04679      -0.03580      -0.03957       0.02245      -0.01371     -0.002122         12.78
  2010.3300      -0.1619      0.006202      -0.04670      -0.04372       0.02103      -0.01189     -0.001856         12.78
  2010.4200      0.06528      -0.01707      -0.05807      -0.04684       0.01963      -0.01006     -0.001584         12.78
  2010.5000       0.1963      -0.04597      -0.06580      -0.04899       0.01826     -0.008224     -0.001308         12.78
  2010.5800      0.05968      -0.09241      -0.06643      -0.05025       0.01692     -0.006380     -0.001027         12.78
  2010.6700     -0.08356       -0.1359      -0.05900      -0.05066       0.01563     -0.004530    -0.0007413         12.78
  2010.7500      -0.1483       -0.1399      -0.04391      -0.05028       0.01439     -0.002675    -0.0004501         12.79
  2010.8300     -0.07792      -0.07537      -0.02250      -0.04909       0.01322    -0.0008140    -0.0001538         12.79
  2010.9200     -0.07349       0.04298      0.002050      -0.04710       0.01211      0.001051     0.0001476         12.79
  2011.0000      0.08145        0.1523       0.02585      -0.04428       0.01109      0.002921     0.0004542         12.79
  2011.0800       0.1660        0.1904       0.04501      -0.04063       0.01015      0.004793     0.0007660         12.79
  2011.1700     0.009851        0.1341       0.05637      -0.03614      0.009306      0.006669      0.001083         12.79
  2011.2500      -0.1107       0.03569       0.05913      -0.03080      0.008568      0.008548      0.001405         12.79
  2011.3300      -0.1255      -0.03856       0.05309      -0.02460      0.007944       0.01043      0.001733         12.79
  2011.4200      0.05788      -0.06928       0.03894      -0.01753      0.007442       0.01231      0.002066         12.80
  2011.5000      0.07655      -0.08756       0.01973     -0.009591      0.007071       0.01419      0.002404         12.80
  2011.5800      0.06875       -0.1239    -0.0007300    -0.0007609      0.006839       0.01607      0.002747         12.80
  2011.6700     -0.03890       -0.1629      -0.01856      0.008965      0.006754       0.01796      0.003096         12.80
  2011.7500     -0.09336       -0.1736      -0.02987       0.01960      0.006826       0.01984      0.003450         12.80
  2011.8300     -0.02598       -0.1333      -0.03079       0.03114      0.007063       0.02172      0.003810         12.80
  2011.9200       0.1205      -0.03428      -0.01744       0.04362      0.007473       0.02359      0.004175         12.80
  2012.0000      0.04068        0.1279       0.01406       0.05702      0.008065       0.02547      0.004546         12.81

       Time         Err1          Err2          Err3          Err4          Err5          Err6          Err7          Err8
  1990.0800       0.2948        0.3411        0.2926        0.1903       0.08036       0.05169       0.02650        0.1479
  1990.1700       0.2536        0.2805        0.2487        0.1626       0.07221       0.04913       0.02567        0.1457
  1990.2500       0.1812        0.2361        0.2191        0.1422       0.06507       0.04695       0.02490        0.1436
  1990.3300       0.1453        0.2100        0.2017        0.1294       0.05900       0.04515       0.02419        0.1414
  1990.4200       0.1426        0.2176        0.1939        0.1234       0.05407       0.04374       0.02353        0.1393
  1990.5000       0.1494        0.2308        0.1932        0.1228       0.05030       0.04272       0.02292        0.1372
  1990.5800       0.1333        0.2144        0.1971        0.1259       0.04769       0.04205       0.02237        0.1351
  1990.6700      0.08748        0.1716        0.2032        0.1309       0.04618       0.04173       0.02187        0.1331
  1990.7500      0.07033        0.1443        0.2094        0.1365       0.04563       0.04171       0.02143        0.1310
  1990.8300       0.1023        0.1390        0.2139        0.1419       0.04589       0.04197       0.02104        0.1290
  1990.9200      0.08605        0.1412        0.2156        0.1466       0.04676       0.04246       0.02070        0.1270
  1991.0000      0.08205        0.1425        0.2145        0.1503       0.04806       0.04315       0.02041        0.1250
  1991.0800      0.06566        0.1376        0.2115        0.1528       0.04963       0.04400       0.02017        0.1230
  1991.1700      0.06290        0.1338        0.2079        0.1542       0.05133       0.04497       0.01997        0.1210
  1991.2500      0.08241        0.1217        0.2041        0.1545       0.05308       0.04603       0.01982        0.1191
  1991.3300      0.07647       0.09442        0.1994        0.1537       0.05479       0.04716       0.01970        0.1172
  1991.4200      0.09854       0.08481        0.1930        0.1520       0.05641       0.04833       0.01963        0.1153
  1991.5000       0.1096       0.08520        0.1853        0.1494       0.05791       0.04952       0.01959        0.1134
  1991.5800      0.07357       0.07155        0.1791        0.1462       0.05927       0.05071       0.01959        0.1115
  1991.6700      0.08252       0.07635        0.1775        0.1423       0.06046       0.05190       0.01961        0.1096
  1991.7500       0.1180       0.09849        0.1800        0.1380       0.06148       0.05306       0.01966        0.1078
  1991.8300      0.09360        0.1028        0.1827        0.1333       0.06232       0.05420       0.01973        0.1060
  1991.9200      0.08179        0.1136        0.1811        0.1284       0.06299       0.05529       0.01983        0.1042
  1992.0000      0.08798        0.1281        0.1744        0.1234       0.06349       0.05635       0.01994        0.1024
  1992.0800      0.08751        0.1196        0.1657        0.1184       0.06383       0.05735       0.02007        0.1007
  1992.1700      0.08408        0.1124        0.1613        0.1136       0.06401       0.05830       0.02021       0.09897
  1992.2500      0.08577        0.1266        0.1644        0.1092       0.06403       0.05920       0.02036       0.09726
  1992.3300      0.09292        0.1200        0.1698        0.1053       0.06392       0.06003       0.02053       0.09557
  1992.4200       0.1013       0.09649        0.1708        0.1022       0.06368       0.06081       0.02069       0.09390
  1992.5000       0.1274       0.08592        0.1640        0.1001       0.06332       0.06153       0.02087       0.09226
  1992.5800      0.09928       0.07440        0.1508       0.09917       0.06285       0.06219       0.02105       0.09063
  1992.6700      0.09029       0.05761        0.1386       0.09950       0.06228       0.06279       0.02123       0.08903
  1992.7500      0.09918       0.06523        0.1337        0.1008       0.06162       0.06332       0.02141       0.08745
  1992.8300      0.08623       0.07824        0.1349        0.1026       0.06088       0.06380       0.02159       0.08590
  1992.9200      0.08580        0.1138        0.1373        0.1043       0.06008       0.06422       0.02177       0.08436
  1993.0000      0.07404        0.1495        0.1395        0.1054       0.05922       0.06458       0.02195       0.08285
  1993.0800       0.1038        0.1342        0.1440        0.1053       0.05831       0.06488       0.02213       0.08137
  1993.1700      0.09304        0.1092        0.1545        0.1038       0.05738       0.06513       0.02230       0.07991
  1993.2500       0.1079        0.1386        0.1691        0.1007       0.05642       0.06533       0.02247       0.07847
  1993.3300      0.08617        0.1413        0.1791       0.09583       0.05547       0.06547       0.02263       0.07706
  1993.4200      0.07108        0.1036        0.1784       0.08922       0.05452       0.06556       0.02279       0.07567
  1993.5000      0.08248       0.07665        0.1647       0.08122       0.05359       0.06561       0.02295       0.07431
  1993.5800      0.09192       0.07112        0.1394       0.07257       0.05270       0.06561       0.02309       0.07297
  1993.6700      0.07603       0.06271        0.1122       0.06433       0.05184       0.06556       0.02323       0.07167
  1993.7500      0.07897       0.06730       0.09712       0.05769       0.05103       0.06548       0.02337       0.07039
  1993.8300      0.08381       0.07959        0.1004       0.05352       0.05026       0.06535       0.02350       0.06914
  1993.9200      0.07629        0.1003        0.1103       0.05204       0.04954       0.06518       0.02362       0.06791
  1994.0000      0.07791        0.1280        0.1151       0.05271       0.04886       0.06498       0.02374       0.06672
  1994.0800      0.07842        0.1324        0.1105       0.05464       0.04822       0.06475       0.02385       0.06555
  1994.1700      0.08278        0.1120       0.09967       0.05694       0.04761       0.06449       0.02395       0.06442
  1994.2500      0.08577        0.1231       0.09330       0.05886       0.04702       0.06420       0.02405       0.06332
  1994.3300      0.08493        0.1391       0.09652       0.05986       0.04646       0.06388       0.02413       0.06224
  1994.4200      0.07551        0.1194        0.1016       0.05958       0.04592       0.06354       0.02422       0.06120
  1994.5000      0.08036       0.09251       0.09766       0.05798       0.04542       0.06318       0.02430       0.06019
  1994.5800       0.1004       0.07671       0.07858       0.05563       0.04496       0.06280       0.02437       0.05922
  1994.6700      0.06965       0.05912       0.05521       0.05358       0.04456       0.06240       0.02443       0.05828
  1994.7500      0.07516       0.06193       0.05943       0.05280       0.04422       0.06199       0.02449       0.05737
  1994.8300       0.1053       0.08631       0.08753       0.05369       0.04395       0.06157       0.02455       0.05650
  1994.9200      0.05913        0.1312        0.1094       0.05591       0.04374       0.06114       0.02460       0.05566
  1995.0000      0.04725        0.1706        0.1128       0.05859       0.04360       0.06070       0.02464       0.05486
  1995.0800      0.06058        0.1554       0.09635       0.06083       0.04351       0.06026       0.02468       0.05409
  1995.1700      0.09083        0.1134       0.07650       0.06229       0.04347       0.05982       0.02472       0.05336
  1995.2500      0.09609        0.1036       0.08332       0.06284       0.04347       0.05938       0.02475       0.05267
  1995.3300      0.06082        0.1049        0.1109       0.06242       0.04349       0.05894       0.02478       0.05202
  1995.4200      0.07130       0.08926        0.1348       0.06095       0.04354       0.05851       0.02480       0.05140
  1995.5000      0.09711       0.08358        0.1413       0.05844       0.04361       0.05808       0.02482       0.05082
  1995.5800      0.07935       0.08025        0.1249       0.05526       0.04369       0.05766       0.02484       0.05028
  1995.6700      0.07079       0.07315       0.09361       0.05241       0.04379       0.05725       0.02485       0.04978
  1995.7500       0.1049       0.07736       0.06673       0.05090       0.04391       0.05686       0.02487       0.04932
  1995.8300      0.08881       0.08344       0.06721       0.05123       0.04404       0.05648       0.02488       0.04889
  1995.9200      0.07552        0.1096       0.08444       0.05313       0.04419       0.05611       0.02489       0.04850
  1996.0000      0.05491        0.1404       0.09644       0.05575       0.04433       0.05576       0.02490       0.04815
  1996.0800      0.08217        0.1305       0.09556       0.05832       0.04446       0.05543       0.02491       0.04784
  1996.1700      0.08138        0.1048       0.08601       0.06045       0.04457       0.05512       0.02492       0.04757
  1996.2500      0.09073        0.1074       0.08005       0.06190       0.04463       0.05482       0.02492       0.04733
  1996.3300      0.07532        0.1148       0.08420       0.06243       0.04465       0.05455       0.02493       0.04713
  1996.4200      0.06335        0.1045       0.09214       0.06178       0.04461       0.05430       0.02494       0.04696
  1996.5000      0.08131       0.08955       0.09413       0.05967       0.04454       0.05407       0.02495       0.04683
  1996.5800      0.08840       0.08222       0.08373       0.05595       0.04443       0.05387       0.02496       0.04674
  1996.6700      0.08043       0.07167       0.06320       0.05109       0.04432       0.05369       0.02498       0.04667
  1996.7500      0.07706       0.06498       0.05127       0.04606       0.04423       0.05353       0.02499       0.04664
  1996.8300      0.09361       0.06875       0.06475       0.04206       0.04416       0.05340       0.02501       0.04665
  1996.9200      0.08189       0.08606       0.08555       0.04017       0.04414       0.05330       0.02503       0.04668
  1997.0000      0.07366        0.1300       0.09775       0.04080       0.04417       0.05322       0.02505       0.04674
  1997.0800      0.07060        0.1583       0.09757       0.04340       0.04426       0.05316       0.02507       0.04683
  1997.1700      0.08750        0.1337       0.09014       0.04688       0.04440       0.05314       0.02510       0.04695
  1997.2500      0.09256        0.1106       0.09203       0.05036       0.04459       0.05313       0.02513       0.04709
  1997.3300      0.07376        0.1261        0.1088       0.05309       0.04481       0.05315       0.02517       0.04726
  1997.4200      0.07656        0.1176        0.1270       0.05440       0.04507       0.05320       0.02521       0.04745
  1997.5000      0.08322       0.09020        0.1350       0.05380       0.04535       0.05327       0.02525       0.04767
  1997.5800      0.08425       0.07382        0.1271       0.05111       0.04566       0.05337       0.02530       0.04790
  1997.6700      0.09584       0.06573        0.1031       0.04682       0.04598       0.05349       0.02535       0.04816
  1997.7500      0.07844       0.06376       0.07534       0.04200       0.04632       0.05364       0.02541       0.04843
  1997.8300      0.08953       0.06939       0.06574       0.03790       0.04667       0.05380       0.02547       0.04873
  1997.9200      0.06770       0.08035       0.07938       0.03557       0.04700       0.05399       0.02554       0.04904
  1998.0000      0.08366        0.1047       0.09357       0.03537       0.04731       0.05420       0.02561       0.04937
  1998.0800      0.07531        0.1238       0.09708       0.03690       0.04758       0.05443       0.02569       0.04971
  1998.1700      0.08460        0.1062       0.08963       0.03945       0.04777       0.05467       0.02577       0.05006
  1998.2500      0.09442        0.1021       0.07948       0.04225       0.04787       0.05493       0.02585       0.05043
  1998.3300      0.09457        0.1276       0.07795       0.04459       0.04787       0.05521       0.02595       0.05081
  1998.4200      0.07662        0.1202       0.08334       0.04588       0.04775       0.05550       0.02604       0.05120
  1998.5000      0.08654       0.09656       0.08601       0.04567       0.04752       0.05580       0.02614       0.05160
  1998.5800       0.1010       0.08400       0.07836       0.04383       0.04719       0.05612       0.02625       0.05200
  1998.6700       0.1020       0.06947       0.05980       0.04096       0.04681       0.05644       0.02636       0.05242
  1998.7500      0.08228       0.06623       0.04795       0.03814       0.04640       0.05678       0.02647       0.05284
  1998.8300      0.09918       0.07591       0.06258       0.03651       0.04602       0.05712       0.02659       0.05327
  1998.9200      0.08648       0.09081       0.08633       0.03673       0.04569       0.05747       0.02672       0.05371
  1999.0000      0.08513        0.1249        0.1018       0.03863       0.04546       0.05783       0.02684       0.05415
  1999.0800      0.07279        0.1522        0.1029       0.04130       0.04535       0.05820       0.02697       0.05459
  1999.1700      0.07438        0.1345       0.09016       0.04384       0.04538       0.05857       0.02711       0.05504
  1999.2500      0.06866        0.1071       0.07734       0.04597       0.04554       0.05895       0.02725       0.05549
  1999.3300       0.1194        0.1238       0.08402       0.04764       0.04583       0.05933       0.02739       0.05594
  1999.4200      0.09059        0.1240        0.1039       0.04883       0.04625       0.05972       0.02754       0.05640
  1999.5000      0.08019       0.09472        0.1203       0.04945       0.04676       0.06011       0.02769       0.05686
  1999.5800      0.07955       0.07666        0.1241       0.04943       0.04735       0.06050       0.02784       0.05731
  1999.6700      0.09580       0.06935        0.1126       0.04884       0.04799       0.06089       0.02799       0.05777
  1999.7500      0.07594       0.07003       0.09339       0.04796       0.04866       0.06128       0.02815       0.05823
  1999.8300      0.08555       0.07881       0.07864       0.04708       0.04932       0.06168       0.02830       0.05868
  1999.9200       0.1068       0.08581       0.07714       0.04633       0.04998       0.06208       0.02846       0.05914
  2000.0000      0.08724       0.09317       0.08406       0.04570       0.05063       0.06247       0.02863       0.05959
  2000.0800      0.07960        0.1036       0.09090       0.04519       0.05125       0.06287       0.02879       0.06005
  2000.1700      0.08266        0.1060       0.09515       0.04503       0.05186       0.06327       0.02895       0.06050
  2000.2500      0.07213        0.1066       0.09823       0.04548       0.05247       0.06367       0.02912       0.06094
  2000.3300      0.07142        0.1134        0.1010       0.04660       0.05308       0.06407       0.02928       0.06139
  2000.4200      0.08025        0.1059        0.1006       0.04818       0.05369       0.06447       0.02945       0.06183
  2000.5000      0.09472       0.09009       0.09391       0.04989       0.05431       0.06488       0.02961       0.06227
  2000.5800       0.1129       0.08708       0.08050       0.05142       0.05491       0.06528       0.02978       0.06270
  2000.6700      0.09924       0.08030       0.06748       0.05257       0.05551       0.06569       0.02995       0.06314
  2000.7500      0.08284       0.06191       0.06952       0.05326       0.05608       0.06610       0.03011       0.06356
  2000.8300       0.1054       0.06907       0.08632       0.05338       0.05661       0.06651       0.03028       0.06399
  2000.9200       0.1067       0.08379        0.1026       0.05284       0.05710       0.06692       0.03044       0.06441
  2001.0000      0.08308        0.1020        0.1074       0.05162       0.05754       0.06733       0.03061       0.06482
  2001.0800      0.07448        0.1354        0.1005       0.04985       0.05793       0.06775       0.03077       0.06523
  2001.1700       0.1131        0.1303       0.08677       0.04782       0.05827       0.06817       0.03093       0.06564
  2001.2500      0.08333        0.1063       0.07796       0.04583       0.05857       0.06859       0.03109       0.06604
  2001.3300      0.09890        0.1483       0.08505       0.04412       0.05884       0.06901       0.03125       0.06643
  2001.4200       0.1097        0.1666       0.09682       0.04280       0.05907       0.06943       0.03141       0.06682
  2001.5000      0.07837        0.1309       0.09955       0.04191       0.05929       0.06986       0.03157       0.06720
  2001.5800      0.09460       0.09319       0.08895       0.04151       0.05949       0.07028       0.03172       0.06758
  2001.6700      0.09084       0.07868       0.06668       0.04176       0.05970       0.07071       0.03187       0.06796
  2001.7500      0.07789       0.06281       0.04639       0.04266       0.05990       0.07114       0.03202       0.06832
  2001.8300      0.07619       0.06558       0.05182       0.04404       0.06011       0.07157       0.03217       0.06869
  2001.9200       0.1232       0.07791       0.07182       0.04551       0.06033       0.07199       0.03231       0.06904
  2002.0000      0.07892       0.09670       0.08435       0.04665       0.06055       0.07241       0.03245       0.06939
  2002.0800      0.07590        0.1289       0.08608       0.04715       0.06077       0.07284       0.03259       0.06974
  2002.1700      0.09014        0.1436       0.08096       0.04700       0.06099       0.07325       0.03273       0.07008
  2002.2500      0.06949        0.1230       0.07748       0.04640       0.06121       0.07366       0.03286       0.07041
  2002.3300      0.07410        0.1208       0.08481       0.04554       0.06141       0.07407       0.03299       0.07074
  2002.4200      0.08702        0.1374       0.09790       0.04458       0.06162       0.07447       0.03311       0.07106
  2002.5000      0.07665        0.1209        0.1050       0.04358       0.06181       0.07486       0.03324       0.07138
  2002.5800      0.07685       0.08861        0.1001       0.04256       0.06201       0.07524       0.03335       0.07169
  2002.6700       0.1232       0.07198       0.08169       0.04155       0.06222       0.07561       0.03347       0.07199
  2002.7500      0.06614       0.06283       0.05669       0.04067       0.06243       0.07597       0.03358       0.07229
  2002.8300      0.07751       0.05154       0.05421       0.04000       0.06265       0.07633       0.03368       0.07258
  2002.9200      0.06663       0.07024       0.08043       0.03953       0.06289       0.07666       0.03379       0.07287
  2003.0000      0.07229        0.1033        0.1053       0.03908       0.06314       0.07699       0.03388       0.07315
  2003.0800      0.06015        0.1400        0.1164       0.03850       0.06340       0.07730       0.03398       0.07342
  2003.1700      0.09744        0.1370        0.1115       0.03777       0.06368       0.07761       0.03406       0.07369
  2003.2500      0.06784       0.09664       0.09605       0.03713       0.06396       0.07789       0.03415       0.07396
  2003.3300      0.07879        0.1038       0.08525       0.03686       0.06426       0.07817       0.03422       0.07421
  2003.4200      0.08605        0.1246       0.08685       0.03709       0.06456       0.07843       0.03430       0.07447
  2003.5000      0.08155        0.1108       0.09243       0.03775       0.06487       0.07868       0.03436       0.07471
  2003.5800      0.09808       0.09073       0.09189       0.03853       0.06520       0.07892       0.03443       0.07496
  2003.6700      0.08877       0.08057       0.08023       0.03915       0.06553       0.07914       0.03448       0.07519
  2003.7500      0.08455       0.06192       0.06258       0.03948       0.06588       0.07936       0.03453       0.07543
  2003.8300      0.07981       0.06769       0.05826       0.03951       0.06623       0.07956       0.03458       0.07565
  2003.9200       0.1271       0.08436       0.07389       0.03926       0.06659       0.07975       0.03462       0.07588
  2004.0000      0.09588       0.08906       0.09060       0.03879       0.06695       0.07993       0.03465       0.07609
  2004.0800      0.09098        0.1128       0.09699       0.03824       0.06731       0.08010       0.03468       0.07631
  2004.1700      0.08276        0.1374       0.09337       0.03786       0.06765       0.08026       0.03471       0.07651
  2004.2500      0.08889        0.1266       0.08736       0.03801       0.06796       0.08041       0.03472       0.07672
  2004.3300      0.08735        0.1267       0.09152       0.03883       0.06824       0.08056       0.03473       0.07692
  2004.4200       0.1022        0.1519        0.1060       0.04011       0.06846       0.08069       0.03474       0.07711
  2004.5000      0.08170        0.1402        0.1170       0.04141       0.06863       0.08083       0.03473       0.07730
  2004.5800      0.08512        0.1006        0.1172       0.04223       0.06873       0.08095       0.03473       0.07749
  2004.6700      0.09713       0.08193        0.1042       0.04233       0.06876       0.08107       0.03471       0.07767
  2004.7500       0.1327       0.08015       0.08001       0.04172       0.06871       0.08119       0.03469       0.07785
  2004.8300      0.07816       0.06421       0.05525       0.04057       0.06860       0.08130       0.03466       0.07803
  2004.9200      0.08951       0.05399       0.04981       0.03913       0.06843       0.08141       0.03463       0.07821
  2005.0000      0.05309       0.07354       0.06438       0.03769       0.06823       0.08152       0.03458       0.07838
  2005.0800      0.07973        0.1096       0.07740       0.03661       0.06800       0.08162       0.03453       0.07854
  2005.1700      0.08897        0.1333       0.08126       0.03640       0.06776       0.08173       0.03448       0.07871
  2005.2500      0.08561        0.1100       0.07647       0.03759       0.06753       0.08183       0.03442       0.07887
  2005.3300       0.1069        0.1074       0.06900       0.04028       0.06730       0.08193       0.03435       0.07903
  2005.4200       0.1116        0.1367       0.06645       0.04403       0.06710       0.08203       0.03427       0.07919
  2005.5000      0.09182        0.1204       0.06760       0.04809       0.06692       0.08212       0.03418       0.07935
  2005.5800      0.08288       0.08014       0.06733       0.05169       0.06676       0.08222       0.03409       0.07950
  2005.6700       0.1018       0.06960       0.06349       0.05419       0.06664       0.08231       0.03399       0.07966
  2005.7500      0.09665       0.06376       0.06096       0.05529       0.06655       0.08240       0.03389       0.07981
  2005.8300      0.08918       0.05325       0.07018       0.05505       0.06649       0.08248       0.03377       0.07996
  2005.9200      0.09772       0.06499       0.08856       0.05369       0.06646       0.08257       0.03365       0.08012
  2006.0000       0.1104       0.07523        0.1046       0.05154       0.06646       0.08265       0.03352       0.08027
  2006.0800      0.08698        0.1001        0.1111       0.04905       0.06649       0.08272       0.03338       0.08042
  2006.1700      0.09158        0.1281        0.1069       0.04683       0.06655       0.08279       0.03324       0.08057
  2006.2500      0.08601        0.1241       0.09618       0.04569       0.06663       0.08286       0.03309       0.08072
  2006.3300      0.08937        0.1140       0.09084       0.04622       0.06674       0.08291       0.03293       0.08088
  2006.4200      0.09927        0.1399       0.09924       0.04843       0.06687       0.08297       0.03276       0.08103
  2006.5000       0.1131        0.1465        0.1124       0.05166       0.06701       0.08301       0.03259       0.08118
  2006.5800      0.07746        0.1060        0.1195       0.05499       0.06716       0.08304       0.03240       0.08134
  2006.6700      0.08857       0.07594        0.1164       0.05769       0.06731       0.08307       0.03221       0.08150
  2006.7500       0.1170       0.07959        0.1037       0.05946       0.06745       0.08309       0.03202       0.08166
  2006.8300      0.09032       0.07355       0.08679       0.06019       0.06759       0.08309       0.03181       0.08182
  2006.9200      0.07976       0.06794       0.07447       0.05989       0.06771       0.08309       0.03160       0.08199
  2007.0000       0.1084       0.07369       0.07218       0.05866       0.06781       0.08307       0.03138       0.08216
  2007.0800      0.07642       0.07975       0.07475       0.05667       0.06790       0.08304       0.03115       0.08233
  2007.1700      0.08283       0.09629       0.07442       0.05422       0.06797       0.08300       0.03091       0.08251
  2007.2500      0.07736        0.1103       0.07088       0.05183       0.06804       0.08294       0.03067       0.08269
  2007.3300      0.07661        0.1103       0.06997       0.05003       0.06809       0.08287       0.03042       0.08287
  2007.4200      0.08225        0.1225       0.07769       0.04919       0.06814       0.08278       0.03016       0.08306
  2007.5000      0.08585        0.1306       0.08917       0.04941       0.06819       0.08267       0.02990       0.08326
  2007.5800      0.07992        0.1110       0.09452       0.05049       0.06824       0.08255       0.02963       0.08346
  2007.6700      0.08181       0.08772       0.08695       0.05201       0.06830       0.08241       0.02935       0.08367
  2007.7500      0.09629       0.07476       0.06635       0.05359       0.06836       0.08224       0.02907       0.08388
  2007.8300      0.07283       0.06880       0.05242       0.05506       0.06843       0.08206       0.02878       0.08410
  2007.9200      0.08630       0.07684       0.07169       0.05634       0.06852       0.08185       0.02848       0.08432
  2008.0000      0.08971       0.09351        0.1047       0.05736       0.06863       0.08163       0.02818       0.08456
  2008.0800      0.08490        0.1294        0.1298       0.05811       0.06875       0.08138       0.02787       0.08480
  2008.1700      0.09131        0.1620        0.1373       0.05860       0.06890       0.08110       0.02756       0.08504
  2008.2500      0.06124        0.1469        0.1243       0.05892       0.06907       0.08080       0.02724       0.08530
  2008.3300      0.06585        0.1234        0.1004       0.05926       0.06928       0.08047       0.02692       0.08557
  2008.4200       0.1033        0.1231       0.08682       0.05978       0.06951       0.08011       0.02659       0.08584
  2008.5000      0.08676        0.1087       0.09474       0.06054       0.06978       0.07973       0.02627       0.08612
  2008.5800      0.09139       0.08206        0.1109       0.06146       0.07008       0.07932       0.02593       0.08642
  2008.6700       0.1113       0.07653        0.1190       0.06235       0.07042       0.07888       0.02560       0.08672
  2008.7500       0.1061       0.07696        0.1114       0.06298       0.07079       0.07840       0.02526       0.08704
  2008.8300      0.08986       0.06032       0.09174       0.06323       0.07119       0.07790       0.02493       0.08736
  2008.9200      0.08235       0.06172       0.07122       0.06302       0.07161       0.07736       0.02459       0.08770
  2009.0000      0.08918       0.07546       0.06221       0.06226       0.07206       0.07679       0.02426       0.08804
  2009.0800      0.08652       0.08524       0.06505       0.06088       0.07253       0.07619       0.02392       0.08840
  2009.1700      0.08774        0.1119       0.06985       0.05889       0.07301       0.07555       0.02359       0.08878
  2009.2500      0.08124        0.1231       0.07182       0.05645       0.07349       0.07488       0.02327       0.08916
  2009.3300      0.08411        0.1039       0.07359       0.05394       0.07398       0.07417       0.02294       0.08956
  2009.4200      0.09638        0.1123       0.08079       0.05178       0.07446       0.07343       0.02263       0.08997
  2009.5000       0.1119        0.1338       0.09076       0.05036       0.07494       0.07265       0.02232       0.09039
  2009.5800      0.07395        0.1145       0.09558       0.04993       0.07539       0.07184       0.02203       0.09083
  2009.6700      0.09196       0.08616       0.09148       0.05056       0.07582       0.07100       0.02174       0.09128
  2009.7500       0.1051       0.07973       0.07937       0.05213       0.07621       0.07013       0.02147       0.09175
  2009.8300      0.09049       0.06198       0.06749       0.05441       0.07657       0.06922       0.02122       0.09223
  2009.9200      0.09081       0.05940       0.07008       0.05714       0.07687       0.06828       0.02098       0.09272
  2010.0000       0.1365       0.07080       0.08531       0.05998       0.07711       0.06731       0.02076       0.09323
  2010.0800      0.08916       0.06799       0.09913       0.06263       0.07729       0.06632       0.02057       0.09376
  2010.1700      0.08284        0.1087        0.1058       0.06487       0.07739       0.06530       0.02039       0.09431
  2010.2500       0.1249        0.1440        0.1052       0.06667       0.07741       0.06426       0.02025       0.09486
  2010.3300      0.09355        0.1331       0.09998       0.06814       0.07734       0.06321       0.02013       0.09544
  2010.4200       0.1061        0.1278       0.09520       0.06945       0.07718       0.06214       0.02005       0.09603
  2010.5000      0.09257        0.1392       0.09388       0.07073       0.07692       0.06107       0.02000       0.09664
  2010.5800      0.09217        0.1142       0.09398       0.07203       0.07657       0.05999       0.01998       0.09727
  2010.6700      0.09870       0.07517       0.09291       0.07333       0.07613       0.05893       0.02001       0.09791
  2010.7500       0.1292       0.07813       0.09047       0.07458       0.07561       0.05788       0.02007       0.09857
  2010.8300       0.1372       0.08267       0.08862       0.07568       0.07501       0.05685       0.02018       0.09925
  2010.9200      0.07882       0.06332       0.09056       0.07656       0.07435       0.05587       0.02033       0.09995
  2011.0000      0.09102       0.06478       0.09638       0.07711       0.07366       0.05493       0.02052        0.1007
  2011.0800      0.08778       0.07582        0.1022       0.07720       0.07297       0.05407       0.02077        0.1014
  2011.1700      0.09275       0.08681        0.1042       0.07674       0.07231       0.05328       0.02105        0.1022
  2011.2500      0.08868        0.1136        0.1034       0.07560       0.07175       0.05259       0.02139        0.1029
  2011.3300      0.08056        0.1169        0.1034       0.07372       0.07134       0.05202       0.02177        0.1037
  2011.4200      0.06901        0.1245        0.1088       0.07113       0.07116       0.05159       0.02220        0.1045
  2011.5000       0.1079        0.1659        0.1212       0.06797       0.07129       0.05132       0.02268        0.1054
  2011.5800      0.08356        0.1844        0.1349       0.06466       0.07184       0.05123       0.02320        0.1062
  2011.6700      0.08822        0.1771        0.1413       0.06204       0.07290       0.05134       0.02377        0.1071
  2011.7500       0.1010        0.1588        0.1327       0.06148       0.07458       0.05167       0.02439        0.1080
  2011.8300       0.1021        0.1345        0.1070       0.06479       0.07696       0.05224       0.02505        0.1089
  2011.9200      0.09935        0.1252       0.08958       0.07351       0.08014       0.05307       0.02575        0.1098
  2012.0000       0.1393        0.1794        0.1585       0.08827       0.08418       0.05415       0.02650        0.1107

         Freq      HH.IMF1       HH.IMF2       HH.IMF3       HH.IMF4       HH.IMF5       HH.IMF6       HH.IMF7
      0.04796        0.000         0.000         0.000         0.000     0.0008854       0.07676     0.0009894
      0.05287        0.000         0.000         0.000         0.000     0.0006886        0.1112     0.0007196
      0.05829        0.000         0.000         0.000         0.000     0.0005902       0.08470     0.0003148
      0.06427        0.000         0.000     0.0002045         0.000     0.0004919       0.03176     8.995E-05
      0.07086        0.000         0.000     0.0004090         0.000     0.0006886       0.03441     4.497E-05
      0.07812        0.000         0.000     0.0002045         0.000     0.0006886       0.04500         0.000
      0.08613        0.000         0.000         0.000         0.000     0.0007870       0.01059         0.000
      0.09495    0.0001805     0.0007838     0.0002045         0.000      0.001672      0.007941         0.000
       0.1047    0.0001805         0.000         0.000         0.000      0.002951      0.005294         0.000
       0.1154        0.000         0.000         0.000         0.000     0.0008854         0.000         0.000
       0.1272        0.000         0.000     0.0006135         0.000     9.837E-05         0.000         0.000
       0.1403        0.000     0.0007838     0.0002045         0.000     0.0006886         0.000         0.000
       0.1547        0.000         0.000     0.0002045         0.000      0.002263         0.000         0.000
       0.1705        0.000         0.000     0.0004090         0.000      0.001377         0.000         0.000
       0.1880    0.0001805     0.0007838     0.0004090         0.000     0.0008854         0.000         0.000
       0.2073        0.000     0.0007838     0.0002045         0.000      0.001476         0.000         0.000
       0.2285        0.000         0.000     0.0004090     0.0005212      0.001967         0.000         0.000
       0.2519        0.000      0.002351     0.0004090      0.001824      0.001574         0.000         0.000
       0.2778        0.000     0.0007838     0.0004090      0.002606      0.001869         0.000         0.000
       0.3062    0.0005416      0.003135     0.0008179      0.001303      0.001574         0.000         0.000
       0.3376        0.000      0.003919      0.001022      0.002606     0.0003935         0.000         0.000
       0.3722    0.0001805      0.003919     0.0008179      0.006384     9.837E-05         0.000         0.000
       0.4104    0.0003611      0.004703      0.001022      0.007557         0.000         0.000         0.000
       0.4524    0.0001805      0.001568     0.0008179      0.005081     9.837E-05         0.000         0.000
       0.4988    0.0001805      0.007054      0.001636      0.002736         0.000         0.000         0.000
       0.5500    0.0005416      0.008621      0.001840      0.002736     9.837E-05         0.000         0.000
       0.6063    0.0005416      0.008621      0.004499     0.0006514         0.000         0.000         0.000
       0.6685     0.001083      0.006270      0.006748     0.0001303         0.000         0.000         0.000
       0.7370     0.001083      0.008621      0.008384         0.000         0.000         0.000         0.000
       0.8125    0.0007221       0.01176      0.006544         0.000     9.837E-05         0.000         0.000
       0.8958     0.002166       0.01803      0.004499         0.000         0.000         0.000         0.000
       0.9876     0.001444       0.01176      0.004499         0.000         0.000         0.000         0.000
        1.089     0.002527       0.02038      0.002658         0.000         0.000         0.000         0.000
        1.200     0.002166       0.03370     0.0008179         0.000         0.000         0.000         0.000
        1.324     0.003430       0.03605     0.0006135         0.000         0.000         0.000         0.000
        1.459     0.005055      0.009405     0.0002045         0.000         0.000         0.000         0.000
        1.609     0.004513      0.001568         0.000         0.000         0.000         0.000         0.000
        1.774     0.005777         0.000         0.000         0.000         0.000         0.000         0.000
        1.955     0.006319         0.000         0.000         0.000         0.000         0.000         0.000
        2.156     0.002527         0.000     0.0002045         0.000         0.000         0.000         0.000
        2.377     0.001986         0.000         0.000         0.000         0.000         0.000         0.000
        2.620    0.0009027         0.000         0.000         0.000         0.000         0.000         0.000
        2.889    0.0005416         0.000         0.000         0.000         0.000         0.000         0.000
        3.185    0.0005416         0.000         0.000         0.000         0.000         0.000         0.000
        3.512    0.0001805         0.000         0.000         0.000         0.000         0.000         0.000
        3.872    0.0001805         0.000         0.000         0.000         0.000         0.000         0.000
        4.269        0.000         0.000         0.000         0.000         0.000         0.000         0.000
        4.706        0.000         0.000         0.000         0.000         0.000         0.000         0.000
        5.188        0.000         0.000         0.000         0.000         0.000         0.000         0.000

                    IMF1          IMF2          IMF3          IMF4          IMF5          IMF6          IMF7
     Period       -1.348      -0.06391        0.1377         1.460         2.460         4.460         4.460
     Energy      -0.8273        0.6417        -1.763        -2.942        -4.551        -2.171        -8.231

 5%.Sig.Lvl
       Period        Energy
       -2.142       -0.8540
       -2.069       -0.9144
       -1.996       -0.9746
       -1.923        -1.035
       -1.851        -1.095
       -1.778        -1.154
       -1.705        -1.214
       -1.632        -1.273
       -1.559        -1.332
       -1.486        -1.391
       -1.413        -1.450
       -1.341        -1.508
       -1.268        -1.567
       -1.195        -1.625
       -1.122        -1.683
       -1.049        -1.741
      -0.9762        -1.798
      -0.9034        -1.855
      -0.8305        -1.912
      -0.7576        -1.969
      -0.6848        -2.026
      -0.6119        -2.082
      -0.5391        -2.138
      -0.4662        -2.194
      -0.3933        -2.250
      -0.3205        -2.305
      -0.2476        -2.361
      -0.1747        -2.416
      -0.1019        -2.470
     -0.02901        -2.525
      0.04386        -2.579
       0.1167        -2.633
       0.1896        -2.686
       0.2624        -2.740
       0.3353        -2.793
       0.4082        -2.846
       0.4810        -2.898
       0.5539        -2.951
       0.6268        -3.003
       0.6996        -3.054
       0.7725        -3.106
       0.8454        -3.157
       0.9182        -3.208
       0.9911        -3.258
        1.064        -3.309
        1.137        -3.359
        1.210        -3.408
        1.283        -3.458
        1.355        -3.507
        1.428        -3.556
        1.501        -3.604
        1.574        -3.653
        1.647        -3.701
        1.720        -3.749
        1.793        -3.796
        1.865        -3.843
        1.938        -3.890
        2.011        -3.937
        2.084        -3.983
        2.157        -4.029
        2.230        -4.075
        2.303        -4.120
        2.375        -4.165
        2.448        -4.210
        2.521        -4.255
        2.594        -4.300
        2.667        -4.344
        2.740        -4.388
        2.813        -4.432
        2.886        -4.475
        2.958        -4.519
        3.031        -4.562
        3.104        -4.605
        3.177        -4.647
        3.250        -4.690
        3.323        -4.732
        3.396        -4.775
        3.468        -4.817
        3.541        -4.859
        3.614        -4.901
        3.687        -4.943
        3.760        -4.984
        3.833        -5.026
        3.906        -5.068
        3.978        -5.109
        4.051        -5.151
        4.124        -5.192
        4.197        -5.234
        4.270        -5.275
        4.343        -5.317
        4.416        -5.359
        4.489        -5.401
        4.561        -5.442
        4.634        -5.485
        4.707        -5.527
        4.780        -5.569
        4.853        -5.612
        4.926        -5.655
        4.999        -5.698
        5.071        -5.742

 1%.Sig.Lvl
       Period        Energy
       -2.142       -0.7250
       -2.069       -0.7824
       -1.996       -0.8396
       -1.923       -0.8965
       -1.851       -0.9532
       -1.778        -1.010
       -1.705        -1.066
       -1.632        -1.122
       -1.559        -1.177
       -1.486        -1.233
       -1.413        -1.288
       -1.341        -1.343
       -1.268        -1.397
       -1.195        -1.452
       -1.122        -1.506
       -1.049        -1.559
      -0.9762        -1.613
      -0.9034        -1.666
      -0.8305        -1.719
      -0.7576        -1.771
      -0.6848        -1.823
      -0.6119        -1.875
      -0.5391        -1.927
      -0.4662        -1.978
      -0.3933        -2.029
      -0.3205        -2.080
      -0.2476        -2.130
      -0.1747        -2.180
      -0.1019        -2.229
     -0.02901        -2.279
      0.04386        -2.328
       0.1167        -2.376
       0.1896        -2.424
       0.2624        -2.472
       0.3353        -2.520
       0.4082        -2.567
       0.4810        -2.613
       0.5539        -2.660
       0.6268        -2.706
       0.6996        -2.751
       0.7725        -2.796
       0.8454        -2.841
       0.9182        -2.886
       0.9911        -2.930
        1.064        -2.973
        1.137        -3.016
        1.210        -3.059
        1.283        -3.102
        1.355        -3.144
        1.428        -3.186
        1.501        -3.227
        1.574        -3.268
        1.647        -3.308
        1.720        -3.348
        1.793        -3.388
        1.865        -3.427
        1.938        -3.466
        2.011        -3.504
        2.084        -3.543
        2.157        -3.580
        2.230        -3.617
        2.303        -3.654
        2.375        -3.691
        2.448        -3.727
        2.521        -3.763
        2.594        -3.798
        2.667        -3.833
        2.740        -3.868
        2.813        -3.902
        2.886        -3.936
        2.958        -3.970
        3.031        -4.003
        3.104        -4.036
        3.177        -4.068
        3.250        -4.100
        3.323        -4.132
        3.396        -4.164
        3.468        -4.195
        3.541        -4.226
        3.614        -4.257
        3.687        -4.287
        3.760        -4.317
        3.833        -4.347
        3.906        -4.377
        3.978        -4.406
        4.051        -4.436
        4.124        -4.465
        4.197        -4.493
        4.270        -4.522
        4.343        -4.550
        4.416        -4.579
        4.489        -4.607
        4.561        -4.635
        4.634        -4.662
        4.707        -4.690
        4.780        -4.718
        4.853        -4.745
        4.926        -4.773
        4.999        -4.800
        5.071        -4.827
