NTime  264 NIMF  8

       Time       RawData
  1990.0800         1.544
  1990.1700        0.5830
  1990.2500         2.638
  1990.3300         2.504
  1990.4200         1.718
  1990.5000         1.500
  1990.5800        0.8150
  1990.6700       -0.1134
  1990.7500       -0.1732
  1990.8300        0.1805
  1990.9200        0.3865
  1991.0000        0.4856
  1991.0800        -1.476
  1991.1700        -1.519
  1991.2500        -1.349
  1991.3300        -1.546
  1991.4200        -1.124
  1991.5000       -0.8524
  1991.5800      -0.09658
  1991.6700         1.066
  1991.7500         1.756
  1991.8300         2.545
  1991.9200         2.211
  1992.0000         2.127
  1992.0800         1.569
  1992.1700         2.159
  1992.2500         2.594
  1992.3300         1.290
  1992.4200         1.587
  1992.5000         1.177
  1992.5800        0.5215
  1992.6700        0.5435
  1992.7500         1.093
  1992.8300        0.8653
  1992.9200         1.641
  1993.0000         2.033
  1993.0800         1.753
  1993.1700         1.476
  1993.2500      -0.04322
  1993.3300       -0.1896
  1993.4200       -0.5530
  1993.5000       -0.6774
  1993.5800       -0.7725
  1993.6700       -0.9858
  1993.7500        -1.399
  1993.8300       -0.5999
  1993.9200        -1.368
  1994.0000        -1.288
  1994.0800        -2.183
  1994.1700        -1.208
  1994.2500       -0.5899
  1994.3300        -1.197
  1994.4200        -1.103
  1994.5000       -0.5641
  1994.5800        0.2109
  1994.6700        0.4260
  1994.7500        0.3561
  1994.8300         1.112
  1994.9200        0.9925
  1995.0000        0.3756
  1995.0800         1.913
  1995.1700        0.1644
  1995.2500        0.9023
  1995.3300        0.4443
  1995.4200       -0.5124
  1995.5000        0.1630
  1995.5800       0.09662
  1995.6700       -0.3831
  1995.7500       -0.8611
  1995.8300       -0.4794
  1995.9200        0.3226
  1996.0000        0.2110
  1996.0800         1.665
  1996.1700       0.02956
  1996.2500       0.08657
  1996.3300       -0.6170
  1996.4200       -0.4910
  1996.5000        0.1604
  1996.5800       0.03662
  1996.6700       -0.5661
  1996.7500       -0.3102
  1996.8300         1.139
  1996.9200         2.848
  1997.0000         2.481
  1997.0800         2.010
  1997.1700         1.604
  1997.2500         2.582
  1997.3300         2.713
  1997.4200         1.960
  1997.5000         1.124
  1997.5800         1.179
  1997.6700        0.5835
  1997.7500       -0.9607
  1997.8300       -0.8826
  1997.9200       0.02801
  1998.0000       -0.7971
  1998.0800        -2.178
  1998.1700        -1.943
  1998.2500        -1.159
  1998.3300       -0.8426
  1998.4200       -0.9592
  1998.5000       -0.1665
  1998.5800       -0.1279
  1998.6700       -0.2258
  1998.7500        0.9965
  1998.8300         2.251
  1998.9200         2.192
  1999.0000         1.988
  1999.0800         1.738
  1999.1700         1.704
  1999.2500         2.361
  1999.3300      0.002004
  1999.4200        0.8598
  1999.5000        0.6751
  1999.5800       0.05689
  1999.6700       -0.3813
  1999.7500       -0.3466
  1999.8300       -0.2362
  1999.9200       -0.7680
  2000.0000      -0.09489
  2000.0800       -0.4483
  2000.1700        0.3823
  2000.2500       -0.5412
  2000.3300        0.4097
  2000.4200       -0.8157
  2000.5000      -0.02104
  2000.5800       -0.1097
  2000.6700        0.4365
  2000.7500        0.3231
  2000.8300       -0.1989
  2000.9200       -0.5443
  2001.0000        -1.418
  2001.0800        -1.140
  2001.1700       -0.3900
  2001.2500        0.4836
  2001.3300        -1.109
  2001.4200        0.9218
  2001.5000         1.229
  2001.5800        0.6525
  2001.6700        0.3679
  2001.7500         1.809
  2001.8300         1.850
  2001.9200         1.045
  2002.0000         1.691
  2002.0800         2.233
  2002.1700        0.6575
  2002.2500        0.9771
  2002.3300         1.512
  2002.4200        0.9530
  2002.5000        0.5035
  2002.5800       -0.4048
  2002.6700        -1.579
  2002.7500        -2.102
  2002.8300        -2.003
  2002.9200        -2.435
  2003.0000        -2.127
  2003.0800        -1.315
  2003.1700        -1.477
  2003.2500        -1.952
  2003.3300        -1.158
  2003.4200       -0.8120
  2003.5000       -0.9972
  2003.5800      -0.01667
  2003.6700        0.6312
  2003.7500        0.9513
  2003.8300         1.318
  2003.9200        0.6775
  2004.0000       -0.2924
  2004.0800      -0.05106
  2004.1700        0.4122
  2004.2500      -0.05219
  2004.3300         1.247
  2004.4200         1.079
  2004.5000         1.176
  2004.5800        0.9021
  2004.6700        0.5047
  2004.7500        0.2967
  2004.8300       -0.8742
  2004.9200        -1.382
  2005.0000        -1.665
  2005.0800       -0.9494
  2005.1700       -0.2535
  2005.2500        0.2198
  2005.3300       -0.3128
  2005.4200        -1.238
  2005.5000        -1.896
  2005.5800        -1.175
  2005.6700        -1.283
  2005.7500        -1.098
  2005.8300        -1.167
  2005.9200       -0.6179
  2006.0000       -0.4891
  2006.0800       -0.5026
  2006.1700      -0.06727
  2006.2500      -0.06075
  2006.3300       -0.3291
  2006.4200         2.108
  2006.5000         1.912
  2006.5800         1.664
  2006.6700         1.386
  2006.7500         1.014
  2006.8300         1.111
  2006.9200        0.1231
  2007.0000       -0.1372
  2007.0800        -1.355
  2007.1700       -0.8859
  2007.2500        -2.622
  2007.3300        -1.376
  2007.4200        -1.863
  2007.5000        -1.366
  2007.5800       -0.9700
  2007.6700       -0.7410
  2007.7500       -0.8930
  2007.8300        -1.453
  2007.9200       -0.6827
  2008.0000       -0.6315
  2008.0800       -0.9317
  2008.1700        0.5763
  2008.2500         1.019
  2008.3300       0.08943
  2008.4200      -0.05334
  2008.5000        0.6671
  2008.5800         1.226
  2008.6700        0.8780
  2008.7500        0.7600
  2008.8300        0.9676
  2008.9200        0.5202
  2009.0000       -0.2003
  2009.0800        -1.879
  2009.1700        -1.879
  2009.2500        -1.500
  2009.3300       -0.9962
  2009.4200        -3.903
  2009.5000       -0.5956
  2009.5800       -0.4256
  2009.6700        -1.151
  2009.7500        -1.365
  2009.8300       -0.3085
  2009.9200       -0.3290
  2010.0000       -0.9915
  2010.0800        -1.658
  2010.1700        -1.241
  2010.2500        -2.560
  2010.3300        -1.130
  2010.4200        -2.714
  2010.5000        -1.777
  2010.5800        -1.117
  2010.6700       -0.2537
  2010.7500        0.6206
  2010.8300        0.9404
  2010.9200        0.1207
  2011.0000         1.515
  2011.0800         1.118
  2011.1700         1.082
  2011.2500       -0.1272
  2011.3300       -0.8009
  2011.4200        -1.215
  2011.5000       -0.3823
  2011.5800        -1.166
  2011.6700        -1.652
  2011.7500        -1.149
  2011.8300       -0.6014
  2011.9200        -1.311
  2012.0000       -0.1801

       Time         IMF1          IMF2          IMF3          IMF4          IMF5          IMF6          IMF7      Residual
  1990.0800       0.1903       -0.2519         1.128       -0.7190        0.5760      -0.02026      0.001676        0.6372
  1990.1700       -1.047       0.07149         1.256       -0.8844        0.5916      -0.03015      0.001253        0.6326
  1990.2500       0.6930        0.4745         1.279        -1.016        0.6034      -0.03951     0.0008396        0.6280
  1990.3300       0.4756        0.7806         1.213        -1.116        0.6117      -0.04836     0.0004370        0.6234
  1990.4200      -0.1877        0.8291         1.071        -1.187        0.6165      -0.05671     4.479E-05        0.6188
  1990.5000       0.1733        0.5735        0.8686        -1.229        0.6180      -0.06457    -0.0003372        0.6142
  1990.5800      0.09053        0.1990        0.6202        -1.245        0.6164      -0.07193    -0.0007090        0.6096
  1990.6700      -0.3346      -0.02923        0.3398        -1.237        0.6117      -0.07883     -0.001071        0.6050
  1990.7500      -0.2239        0.1085       0.04115        -1.206        0.6040      -0.08525     -0.001422        0.6004
  1990.8300     -0.06924        0.5366       -0.2636        -1.155        0.5936      -0.09121     -0.001764        0.5958
  1990.9200       0.1268        0.8503       -0.5624        -1.085        0.5806      -0.09672     -0.002096        0.5912
  1991.0000       0.6185        0.6695       -0.8427       -0.9981        0.5651       -0.1018     -0.002419        0.5866
  1991.0800      -0.5932       0.07742        -1.085       -0.8965        0.5473       -0.1064     -0.002731        0.5820
  1991.1700     -0.05608       -0.4190        -1.260       -0.7819        0.5272       -0.1106     -0.003034        0.5774
  1991.2500       0.2565       -0.6164        -1.338       -0.6564        0.5050       -0.1144     -0.003328        0.5728
  1991.3300     -0.03252       -0.6349        -1.290       -0.5217        0.4809       -0.1178     -0.003613        0.5682
  1991.4200       0.1091       -0.6299        -1.109       -0.3799        0.4550       -0.1208     -0.003888        0.5636
  1991.5000     -0.07927       -0.5403       -0.8145       -0.2334        0.4275       -0.1234     -0.004154        0.5590
  1991.5800      -0.1166       -0.2587       -0.4496      -0.08432        0.3984       -0.1256     -0.004410        0.5544
  1991.6700      0.09240        0.1774      -0.06400       0.06504        0.3679       -0.1274     -0.004658        0.5498
  1991.7500     -0.05731        0.5599        0.2916        0.2124        0.3362       -0.1289     -0.004897        0.5452
  1991.8300       0.2640        0.6585        0.5692        0.3555        0.3033       -0.1300     -0.005128        0.5405
  1991.9200     -0.09894        0.4043        0.7348        0.4921        0.2695       -0.1308     -0.005349        0.5359
  1992.0000      0.06473       0.04411        0.7797        0.6197        0.2349       -0.1312     -0.005562        0.5313
  1992.0800      -0.4406      -0.03942        0.7101        0.7359        0.1995       -0.1313     -0.005767        0.5267
  1992.1700      0.05184        0.1536        0.5515        0.8376        0.1636       -0.1311     -0.005963        0.5221
  1992.2500       0.5304        0.3027        0.3495        0.9220        0.1272       -0.1306     -0.006150        0.5175
  1992.3300      -0.4866        0.1777        0.1501        0.9863       0.09061       -0.1297     -0.006330        0.5129
  1992.4200       0.2434      -0.09323      -0.01486         1.028       0.05383       -0.1286     -0.006501        0.5083
  1992.5000       0.1886       -0.3498       -0.1192         1.044       0.01704       -0.1272     -0.006664        0.5037
  1992.5800      -0.1867       -0.5284       -0.1382         1.032      -0.01963       -0.1255     -0.006819        0.4991
  1992.6700     -0.09364       -0.5730      -0.06015        0.9920      -0.05602       -0.1235     -0.006967        0.4945
  1992.7500       0.2671       -0.4601       0.09812        0.9245      -0.09200       -0.1213     -0.007106        0.4899
  1992.8300      -0.3040       -0.1895        0.2965        0.8319       -0.1274       -0.1188     -0.007238        0.4853
  1992.9200      0.01706        0.2132        0.4836        0.7167       -0.1622       -0.1161     -0.007362        0.4807
  1993.0000       0.1105        0.5610        0.6084        0.5815       -0.1961       -0.1132     -0.007479        0.4761
  1993.0800     -0.01012        0.5943        0.6302        0.4294       -0.2290       -0.1100     -0.007588        0.4715
  1993.1700       0.2884        0.2414        0.5454        0.2646       -0.2609       -0.1066     -0.007690        0.4669
  1993.2500      -0.3579       -0.2261        0.3873       0.09222       -0.2914       -0.1030     -0.007785        0.4623
  1993.3300      0.09805       -0.4247        0.1978      -0.08203       -0.3206      -0.09915     -0.007873        0.4577
  1993.4200    -0.003418       -0.3309       0.01800       -0.2526       -0.3483      -0.09515     -0.007953        0.4531
  1993.5000      0.06186       -0.1599       -0.1202       -0.4140       -0.3742      -0.09097     -0.008027        0.4485
  1993.5800      0.07267      -0.05996       -0.2018       -0.5602       -0.3984      -0.08662     -0.008094        0.4438
  1993.6700      0.04623      -0.01410       -0.2391       -0.6844       -0.4206      -0.08210     -0.008154        0.4392
  1993.7500      -0.3508       0.09966       -0.2632       -0.7800       -0.4408      -0.07742     -0.008207        0.4346
  1993.8300       0.4143        0.2460       -0.2992       -0.8412       -0.4586      -0.07259     -0.008254        0.4300
  1993.9200      -0.1985        0.1619       -0.3569       -0.8645       -0.4742      -0.06763     -0.008294        0.4254
  1994.0000       0.2593       -0.1113       -0.4259       -0.8493       -0.4872      -0.06253     -0.008328        0.4208
  1994.0800      -0.5382       -0.1847       -0.4799       -0.7974       -0.4976      -0.05731     -0.008356        0.4162
  1994.1700       0.1833     -0.004127       -0.4939       -0.7126       -0.5053      -0.05198     -0.008377        0.4116
  1994.2500       0.4930        0.1250       -0.4577       -0.6003       -0.5104      -0.04655     -0.008392        0.4070
  1994.3300      -0.2399       0.01887       -0.3690       -0.4671       -0.5129      -0.04102     -0.008401        0.4024
  1994.4200      -0.2301       -0.1203       -0.2349       -0.3200       -0.5126      -0.03540     -0.008404        0.3978
  1994.5000     -0.06289      -0.08877      -0.06963       -0.1661       -0.5097      -0.02970     -0.008402        0.3932
  1994.5800       0.2170       0.04557        0.1081      -0.01235       -0.5040      -0.02393     -0.008393        0.3885
  1994.6700      0.02055        0.1264        0.2795        0.1340       -0.4957      -0.01810     -0.008379        0.3839
  1994.7500      -0.2748       0.07502        0.4269        0.2659       -0.4846      -0.01222     -0.008360        0.3793
  1994.8300       0.3568      -0.06039        0.5319        0.3765       -0.4708     -0.006297     -0.008335        0.3747
  1994.9200       0.1785      -0.09759        0.5776        0.4598       -0.4543    -0.0003368     -0.008304        0.3701
  1995.0000      -0.6651       0.05109        0.5525        0.5114       -0.4350      0.005650     -0.008268        0.3655
  1995.0800       0.7262        0.2277        0.4489        0.5306       -0.4131       0.01166     -0.008227        0.3609
  1995.1700      -0.7022        0.1079        0.2698        0.5202       -0.3885       0.01767     -0.008181        0.3563
  1995.2500       0.4725       -0.1309       0.04180        0.4845       -0.3617       0.02368     -0.008130        0.3517
  1995.3300       0.3495       -0.1808       -0.1973        0.4281       -0.3327       0.02969     -0.008074        0.3471
  1995.4200      -0.5086      -0.02767       -0.4065        0.3559       -0.3020       0.03568     -0.008013        0.3424
  1995.5000       0.2090        0.1602       -0.5450        0.2723       -0.2698       0.04165     -0.007947        0.3378
  1995.5800       0.2210        0.1480       -0.5815        0.1820       -0.2364       0.04758     -0.007876        0.3332
  1995.6700     -0.01921       -0.1327       -0.5111       0.08995       -0.2021       0.05347     -0.007801        0.3286
  1995.7500      -0.2842       -0.4372       -0.3594      0.001201       -0.1673       0.05930     -0.007722        0.3240
  1995.8300     -0.02228       -0.4816       -0.1626      -0.07848       -0.1322       0.06508     -0.007638        0.3194
  1995.9200       0.3065       -0.1571       0.03508       -0.1432      -0.09718       0.07079     -0.007550        0.3148
  1996.0000      -0.5429        0.4210        0.1811       -0.1874      -0.06253       0.07642     -0.007458        0.3102
  1996.0800       0.6276        0.6966        0.2234       -0.2064      -0.02850       0.08196     -0.007361        0.3055
  1996.1700      -0.5118        0.2608        0.1338       -0.1990      0.004714       0.08741     -0.007261        0.3009
  1996.2500       0.1829       -0.3050      -0.05030       -0.1696       0.03696       0.09275     -0.007157        0.2963
  1996.3300      -0.2301       -0.4482       -0.2712       -0.1244       0.06809       0.09797     -0.007048        0.2917
  1996.4200     -0.08457       -0.3169       -0.4627      -0.06951       0.09795        0.1031     -0.006936        0.2871
  1996.5000       0.4485       -0.2286       -0.5557      -0.01107        0.1264        0.1080     -0.006821        0.2825
  1996.5800       0.3030       -0.3286       -0.5035       0.04560        0.1533        0.1129     -0.006702        0.2779
  1996.6700      -0.4605       -0.4483       -0.3133       0.09712        0.1785        0.1176     -0.006579        0.2733
  1996.7500      -0.7332       -0.3163      -0.02219        0.1415        0.2018        0.1221     -0.006453        0.2686
  1996.8300     -0.02739       0.08153        0.3219        0.1769        0.2232        0.1264     -0.006324        0.2640
  1996.9200       0.9092        0.4285        0.6677        0.2016        0.2425        0.1306     -0.006191        0.2594
  1997.0000       0.2063        0.4388        0.9653        0.2139        0.2594        0.1345     -0.006056        0.2548
  1997.0800      -0.2906        0.2355         1.176        0.2119        0.2740        0.1383     -0.005917        0.2502
  1997.1700      -0.6679        0.1469         1.279        0.1940        0.2861        0.1418     -0.005776        0.2456
  1997.2500       0.2060        0.2744         1.263        0.1594        0.2958        0.1451     -0.005632        0.2409
  1997.3300       0.3986        0.4153         1.133        0.1100        0.3030        0.1482     -0.005485        0.2363
  1997.4200     -0.08658        0.3955        0.9018       0.04949        0.3079        0.1511     -0.005335        0.2317
  1997.5000      -0.3807        0.2334        0.5914      -0.01836        0.3106        0.1537     -0.005183        0.2271
  1997.5800       0.3128      0.002733        0.2309      -0.08966        0.3114        0.1560     -0.005028        0.2225
  1997.6700       0.4411       -0.1731       -0.1495       -0.1606        0.3102        0.1581     -0.004871        0.2179
  1997.7500      -0.7240       -0.1885       -0.5207       -0.2272        0.3072        0.1599     -0.004712        0.2133
  1997.8300      -0.3280      -0.05263       -0.8572       -0.2856        0.3026        0.1614     -0.004550        0.2086
  1997.9200       0.8064       0.04041        -1.137       -0.3321        0.2965        0.1627     -0.004387        0.2040
  1998.0000       0.3757      -0.08601        -1.342       -0.3627        0.2889        0.1637     -0.004221        0.1994
  1998.0800      -0.6665       -0.3075        -1.466       -0.3737        0.2802        0.1644     -0.004054        0.1948
  1998.1700      -0.3171       -0.3915        -1.503       -0.3619        0.2703        0.1648     -0.003885        0.1902
  1998.2500       0.2916       -0.2837        -1.449       -0.3266        0.2594        0.1650     -0.003714        0.1855
  1998.3300       0.2397       -0.1003        -1.304       -0.2705        0.2476        0.1649     -0.003541        0.1809
  1998.4200      -0.2313      -0.01813        -1.071       -0.1979        0.2350        0.1645     -0.003367        0.1763
  1998.5000       0.2912       -0.1502       -0.7569       -0.1135        0.2215        0.1638     -0.003191        0.1717
  1998.5800       0.1592       -0.3608       -0.3790      -0.02182        0.2074        0.1629     -0.003014        0.1671
  1998.6700      -0.4839       -0.4014       0.03265       0.07236        0.1926        0.1616     -0.002836        0.1625
  1998.7500      0.01233       -0.1312        0.4399        0.1644        0.1772        0.1601     -0.002657        0.1578
  1998.8300       0.4982        0.2112        0.7957        0.2496        0.1614        0.1584     -0.002477        0.1532
  1998.9200      0.07128        0.3274         1.053        0.3234        0.1452        0.1564     -0.002295        0.1486
  1999.0000      -0.2343        0.2661         1.171        0.3810        0.1286        0.1541     -0.002113        0.1440
  1999.0800      -0.5020        0.2648         1.131        0.4185        0.1119        0.1516     -0.001930        0.1394
  1999.1700      -0.3332        0.2924        0.9462        0.4345       0.09512        0.1488     -0.001746        0.1347
  1999.2500       0.8389       0.08919        0.6631        0.4302       0.07856        0.1458     -0.001561        0.1301
  1999.3300      -0.8351       -0.2661        0.3342        0.4075       0.06241        0.1425     -0.001377        0.1255
  1999.4200       0.4974       -0.2834      0.008439        0.3683       0.04689        0.1390     -0.001191        0.1209
  1999.5000       0.4178      -0.05916       -0.2740        0.3147       0.03214        0.1353     -0.001005        0.1163
  1999.5800     -0.05594       0.08315       -0.4868        0.2487       0.01831        0.1313    -0.0008194        0.1116
  1999.6700      -0.2376       0.07668       -0.6146        0.1727      0.005504        0.1272    -0.0006333        0.1070
  1999.7500     0.001419       0.01293       -0.6523       0.08890     -0.006182        0.1228    -0.0004471        0.1024
  1999.8300       0.2210      -0.06052       -0.6026     0.0002124      -0.01666        0.1182    -0.0002610       0.09777
  1999.9200      -0.2674       -0.1024       -0.4808      -0.08980      -0.02583        0.1135    -7.490E-05       0.09315
  2000.0000       0.2386      -0.03352       -0.3144       -0.1769      -0.03362        0.1086     0.0001109       0.08853
  2000.0800      -0.3042       0.08713       -0.1375       -0.2567      -0.03993        0.1036     0.0002965       0.08391
  2000.1700       0.4170        0.1352       0.01972       -0.3256      -0.04470       0.09839     0.0004816       0.07929
  2000.2500      -0.5190        0.1008        0.1412       -0.3811      -0.04785       0.09308     0.0006663       0.07466
  2000.3300       0.5460      -0.04606        0.2308       -0.4221      -0.04935       0.08766     0.0008503       0.07004
  2000.4200      -0.5122       -0.2561        0.2955       -0.4476      -0.04918       0.08214      0.001034       0.06542
  2000.5000       0.2727       -0.2227        0.3318       -0.4568      -0.04735       0.07654      0.001216       0.06080
  2000.5800      -0.1619       0.07959        0.3248       -0.4489      -0.04399       0.07088      0.001398       0.05617
  2000.6700       0.1949        0.3402        0.2584       -0.4240      -0.03929       0.06515      0.001579       0.05155
  2000.7500       0.1276        0.3551        0.1244       -0.3834      -0.03353       0.05939      0.001759       0.04693
  2000.8300     -0.01087        0.1296      -0.06127       -0.3285      -0.02698       0.05360      0.001938       0.04230
  2000.9200      0.07112       -0.1707       -0.2610       -0.2611      -0.01993       0.04779      0.002115       0.03768
  2001.0000      -0.5097       -0.3382       -0.4322       -0.1830      -0.01266       0.04199      0.002291       0.03305
  2001.0800      -0.2587       -0.2867       -0.5375      -0.09587     -0.005430       0.03620      0.002466       0.02843
  2001.1700       0.2399       -0.1273       -0.5582     -0.001769      0.001523       0.03043      0.002639       0.02381
  2001.2500       0.8584      -0.05384       -0.4937       0.09685      0.008006       0.02470      0.002811       0.01918
  2001.3300      -0.9515      -0.05104       -0.3567        0.1969       0.01386       0.01903      0.002981       0.01456
  2001.4200       0.7118       0.04373       -0.1697        0.2951       0.01893       0.01342      0.003149      0.009930
  2001.5000       0.6783        0.1249       0.04451        0.3880       0.02310      0.007890      0.003315      0.005305
  2001.5800      -0.1819       0.08569        0.2647        0.4722       0.02622      0.002448      0.003480     0.0006794
  2001.6700      -0.6950       0.02434        0.4736        0.5441       0.02816     -0.002894      0.003642     -0.003946
  2001.7500       0.5705       0.02681        0.6575        0.6000       0.02879     -0.008127      0.003803     -0.008572
  2001.8300       0.3136       0.09245        0.8066        0.6364       0.02797      -0.01324      0.003961      -0.01320
  2001.9200      -0.6657        0.1551        0.9176        0.6499       0.02559      -0.01823      0.004118      -0.01782
  2002.0000     -0.05769        0.1240        0.9876        0.6376       0.02156      -0.02308      0.004272      -0.02245
  2002.0800       0.7149      -0.02871         1.010        0.5983       0.01589      -0.02779      0.004424      -0.02708
  2002.1700      -0.6268       -0.2028        0.9718        0.5332      0.008674      -0.03235      0.004573      -0.03170
  2002.2500      -0.1624       -0.1234        0.8567        0.4461     8.416E-05      -0.03675      0.004721      -0.03633
  2002.3300       0.3860        0.1823        0.6553        0.3416     -0.009704      -0.04099      0.004866      -0.04096
  2002.4200      0.01441        0.4446        0.3690        0.2246      -0.02051      -0.04507      0.005008      -0.04559
  2002.5000       0.1226        0.3949       0.01127       0.09988      -0.03215      -0.04898      0.005148      -0.05021
  2002.5800       0.1043       0.06388       -0.3822      -0.02755      -0.04443      -0.05272      0.005286      -0.05484
  2002.6700      -0.1592       -0.3055       -0.7620       -0.1529      -0.05719      -0.05628      0.005422      -0.05947
  2002.7500      -0.1052       -0.4763        -1.076       -0.2711      -0.07022      -0.05966      0.005554      -0.06410
  2002.8300       0.2633       -0.4024        -1.280       -0.3775      -0.08335      -0.06286      0.005685      -0.06873
  2002.9200      -0.2439       -0.1551        -1.352       -0.4672      -0.09639      -0.06588      0.005812      -0.07336
  2003.0000      -0.2202        0.1418        -1.297       -0.5363       -0.1091      -0.06871      0.005938      -0.07798
  2003.0800       0.4026        0.3147        -1.132       -0.5834       -0.1215      -0.07135      0.006060      -0.08261
  2003.1700      0.09920        0.2315       -0.8742       -0.6094       -0.1331      -0.07380      0.006180      -0.08724
  2003.2500      -0.4547      -0.01847       -0.5493       -0.6161       -0.1441      -0.07606      0.006297      -0.09187
  2003.3300       0.1834       -0.2585       -0.1906       -0.6054       -0.1541      -0.07813      0.006412      -0.09650
  2003.4200       0.3083       -0.3774        0.1679       -0.5792       -0.1631      -0.08001      0.006524       -0.1011
  2003.5000      -0.3396       -0.2997        0.4972       -0.5395       -0.1710      -0.08170      0.006634       -0.1058
  2003.5800      0.04069      0.004371        0.7771       -0.4883       -0.1776      -0.08319      0.006740       -0.1104
  2003.6700      0.04474        0.3978        0.9920       -0.4273       -0.1830      -0.08449      0.006844       -0.1150
  2003.7500     -0.01624        0.6207         1.130       -0.3588       -0.1869      -0.08560      0.006945       -0.1197
  2003.8300       0.2936        0.4792         1.187       -0.2853       -0.1893      -0.08652      0.007044       -0.1243
  2003.9200      0.08141       0.01108         1.178       -0.2100       -0.1902      -0.08724      0.007139       -0.1289
  2004.0000      -0.4141       -0.4789         1.128       -0.1366       -0.1897      -0.08779      0.007232       -0.1335
  2004.0800      0.04326       -0.6978         1.064      -0.06900       -0.1879      -0.08815      0.007322       -0.1382
  2004.1700       0.4348       -0.5914         1.008      -0.01051       -0.1847      -0.08833      0.007410       -0.1428
  2004.2500      -0.4688       -0.1991        0.9638       0.03704       -0.1804      -0.08835      0.007494       -0.1474
  2004.3300       0.3651        0.3200        0.9189       0.07297       -0.1749      -0.08820      0.007576       -0.1521
  2004.4200      -0.1075        0.6541        0.8548       0.09694       -0.1684      -0.08789      0.007655       -0.1567
  2004.5000     0.004732        0.7097        0.7512        0.1088       -0.1608      -0.08744      0.007731       -0.1613
  2004.5800     -0.03380        0.6237        0.5960        0.1090       -0.1522      -0.08684      0.007804       -0.1660
  2004.6700     -0.04690        0.4386        0.3976       0.09987       -0.1427      -0.08611      0.007874       -0.1706
  2004.7500       0.3225       0.09429        0.1817       0.08391       -0.1322      -0.08525      0.007941       -0.1752
  2004.8300      -0.1944       -0.3774      -0.02449       0.06389       -0.1207      -0.08427      0.008006       -0.1799
  2004.9200      -0.1366       -0.7150       -0.1968       0.04263       -0.1085      -0.08318      0.008067       -0.1845
  2005.0000      -0.3783       -0.6442       -0.3175       0.02300      -0.09532      -0.08199      0.008125       -0.1891
  2005.0800     -0.05250       -0.1828       -0.3929      0.007591      -0.08138      -0.08070      0.008181       -0.1938
  2005.1700       0.1734        0.3502       -0.4480     -0.001510      -0.06666      -0.07932      0.008233       -0.1984
  2005.2500       0.4993        0.5863       -0.5110     -0.002504      -0.05119      -0.07786      0.008283       -0.2030
  2005.3300       0.2200        0.3813       -0.6023      0.006073      -0.03501      -0.07632      0.008329       -0.2077
  2005.4200      -0.1829      -0.04034       -0.7171       0.02496      -0.01817      -0.07471      0.008372       -0.2123
  2005.5000      -0.4931       -0.3237       -0.8416       0.05370    -0.0007386      -0.07304      0.008413       -0.2169
  2005.5800       0.2931       -0.3104       -0.9594       0.09088       0.01713      -0.07131      0.008450       -0.2216
  2005.6700      0.03651       -0.1584        -1.051        0.1342       0.03525      -0.06952      0.008484       -0.2262
  2005.7500      0.09262      -0.04550        -1.097        0.1812       0.05345      -0.06767      0.008515       -0.2308
  2005.8300      -0.1672       0.06876        -1.093        0.2292       0.07154      -0.06578      0.008543       -0.2355
  2005.9200      0.08822        0.2279        -1.034        0.2758       0.08934      -0.06384      0.008567       -0.2401
  2006.0000     -0.01549        0.2969       -0.9074        0.3184        0.1067      -0.06186      0.008589       -0.2447
  2006.0800     -0.06097        0.1258       -0.6969        0.3549        0.1234      -0.05983      0.008607       -0.2494
  2006.1700       0.3476       -0.2458       -0.3962        0.3833        0.1394      -0.05777      0.008622       -0.2540
  2006.2500       0.1928       -0.4878      -0.01403        0.4019        0.1544      -0.05567      0.008634       -0.2587
  2006.3300      -0.7371       -0.2809        0.4207        0.4094        0.1683      -0.05353      0.008643       -0.2633
  2006.4200       0.7281        0.2625        0.8402        0.4047        0.1810      -0.05137      0.008648       -0.2679
  2006.5000     0.008510        0.4890         1.163        0.3862        0.1923      -0.04919      0.008650       -0.2726
  2006.5800      -0.2302        0.3047         1.317        0.3530        0.2020      -0.04698      0.008649       -0.2772
  2006.6700      -0.1344       0.04422         1.277        0.3044        0.2099      -0.04474      0.008645       -0.2818
  2006.7500      -0.1616      -0.01892         1.056        0.2427        0.2160      -0.04249      0.008637       -0.2865
  2006.8300       0.2789       0.04066        0.6931        0.1717        0.2200      -0.04023      0.008626       -0.2911
  2006.9200      -0.1908       0.04167        0.2459       0.09526        0.2220      -0.03795      0.008611       -0.2958
  2007.0000       0.2040      -0.01903       -0.2274       0.01752        0.2217      -0.03565      0.008594       -0.3004
  2007.0800      -0.4628      -0.06407       -0.6661      -0.05749        0.2192      -0.03335      0.008572       -0.3050
  2007.1700       0.6124       -0.2301        -1.010       -0.1257        0.2142      -0.03104      0.008548       -0.3097
  2007.2500      -0.6451       -0.4360        -1.214       -0.1833        0.2068      -0.02872      0.008520       -0.3143
  2007.3300       0.5675       -0.3083        -1.264       -0.2265        0.1969      -0.02639      0.008488       -0.3189
  2007.4200      -0.2839       0.01056        -1.193       -0.2531        0.1846      -0.02406      0.008453       -0.3236
  2007.5000      -0.1020        0.2428        -1.050       -0.2625        0.1698      -0.02173      0.008415       -0.3282
  2007.5800      0.04166        0.3378       -0.8841       -0.2552        0.1528      -0.01940      0.008373       -0.3329
  2007.6700       0.1365        0.2560       -0.7270       -0.2322        0.1336      -0.01707      0.008327       -0.3375
  2007.7500      0.08398       0.01275       -0.5837       -0.1957        0.1125      -0.01474      0.008279       -0.3421
  2007.8300      -0.3545       -0.2507       -0.4444       -0.1488       0.08976      -0.01242      0.008226       -0.3468
  2007.9200       0.4106       -0.3605       -0.2977      -0.09505       0.06569      -0.01010      0.008170       -0.3514
  2008.0000      0.09903       -0.2562       -0.1350      -0.03768       0.04059     -0.007786      0.008110       -0.3561
  2008.0800      -0.6289     -0.007024       0.04622       0.02017       0.01474     -0.005484      0.008047       -0.3607
  2008.1700       0.4274        0.2102        0.2444       0.07566      -0.01154     -0.003192      0.007980       -0.3653
  2008.2500       0.5889        0.2139        0.4540        0.1260      -0.03795    -0.0009116      0.007910       -0.3700
  2008.3300      -0.3110      0.005532        0.6598        0.1684      -0.06420      0.001355      0.007836       -0.3746
  2008.4200      -0.5136       -0.1568        0.8392        0.2002      -0.09000      0.003606      0.007758       -0.3793
  2008.5000      0.05402      -0.08628        0.9691        0.2189       -0.1151      0.005840      0.007677       -0.3839
  2008.5800       0.3739        0.1163         1.032        0.2227       -0.1392      0.008055      0.007592       -0.3886
  2008.6700      -0.1141        0.3196         1.015        0.2107       -0.1623       0.01025      0.007503       -0.3932
  2008.7500      -0.2101        0.4828        0.9057        0.1833       -0.1841       0.01243      0.007410       -0.3978
  2008.8300       0.1601        0.5591        0.7039        0.1420       -0.2046       0.01458      0.007314       -0.4025
  2008.9200       0.1929        0.4519        0.4258       0.08907       -0.2237       0.01670      0.007214       -0.4071
  2009.0000       0.1014        0.1492        0.1054       0.02688       -0.2414       0.01880      0.007110       -0.4118
  2009.0800      -0.7803       -0.1785       -0.2147      -0.04220       -0.2577       0.02087      0.007002       -0.4164
  2009.1700      -0.2486       -0.3143       -0.4909       -0.1158       -0.2724       0.02291      0.006891       -0.4211
  2009.2500       0.4175       -0.3648       -0.6812       -0.1915       -0.2856       0.02493      0.006776       -0.4257
  2009.3300        1.326       -0.6151       -0.7516       -0.2668       -0.2972       0.02690      0.006657       -0.4303
  2009.4200       -1.445       -0.7361       -0.6930       -0.3394       -0.3071       0.02885      0.006534       -0.4350
  2009.5000        1.332       -0.3096       -0.5266       -0.4063       -0.3154       0.03075      0.006407       -0.4396
  2009.5800       0.8478        0.2335       -0.3003       -0.4644       -0.3221       0.03262      0.006276       -0.4443
  2009.6700      -0.3869        0.5502      -0.06826       -0.5105       -0.3270       0.03446      0.006141       -0.4489
  2009.7500      -0.8075        0.6482        0.1167       -0.5414       -0.3302       0.03625      0.006003       -0.4536
  2009.8300       0.1163        0.6070        0.2103       -0.5541       -0.3316       0.03799      0.005860       -0.4582
  2009.9200       0.3272        0.4730        0.1965       -0.5467       -0.3312       0.03970      0.005714       -0.4629
  2010.0000     -0.04371        0.2455       0.08389       -0.5199       -0.3289       0.04136      0.005563       -0.4675
  2010.0800      -0.2963      -0.04263      -0.09806       -0.4762       -0.3249       0.04297      0.005409       -0.4721
  2010.1700       0.4925       -0.2705       -0.3100       -0.4186       -0.3189       0.04453      0.005250       -0.4768
  2010.2500      -0.6816       -0.2755       -0.5030       -0.3499       -0.3111       0.04604      0.005088       -0.4814
  2010.3300       0.7536       -0.2777       -0.6156       -0.2731       -0.3014       0.04750      0.004921       -0.4861
  2010.4200      -0.7054       -0.5164       -0.5985       -0.1909       -0.2897       0.04891      0.004751       -0.4907
  2010.5000      0.05399       -0.5610       -0.4439       -0.1059       -0.2762       0.05026      0.004576       -0.4954
  2010.5800      0.02022       -0.2410       -0.1780      -0.02020       -0.2606       0.05155      0.004397       -0.5000
  2010.6700     0.008477        0.1603        0.1452       0.06438       -0.2430       0.05279      0.004214       -0.5047
  2010.7500       0.3661        0.3328        0.4670        0.1459       -0.2235       0.05397      0.004027       -0.5093
  2010.8300       0.3857        0.2351        0.7337        0.2224       -0.2019       0.05508      0.003836       -0.5140
  2010.9200      -0.6092        0.1597        0.9025        0.2919       -0.1782       0.05614      0.003641       -0.5186
  2011.0000       0.4885        0.3519        0.9487        0.3527       -0.1525       0.05712      0.003441       -0.5233
  2011.0800     -0.02532        0.4702        0.8746        0.4029       -0.1246       0.05805      0.003237       -0.5279
  2011.1700       0.3116        0.1832        0.6980        0.4407      -0.09469       0.05890      0.003029       -0.5325
  2011.2500      -0.2021       -0.3224        0.4537        0.4645      -0.06261       0.05968      0.002817       -0.5372
  2011.3300      -0.2443       -0.7012        0.1804        0.4728      -0.02836       0.06040      0.002601       -0.5418
  2011.4200      -0.3884       -0.7478      -0.08627        0.4638      0.008063       0.06104      0.002380       -0.5465
  2011.5000       0.5502       -0.6119       -0.3228        0.4360       0.04669       0.06160      0.002155       -0.5511
  2011.5800     -0.09344       -0.5276       -0.5139        0.3877       0.08754       0.06209      0.001926       -0.5558
  2011.6700      -0.5415       -0.4618       -0.6489        0.3173        0.1306       0.06251      0.001692       -0.5604
  2011.7500      0.01850       -0.3332       -0.7195        0.2232        0.1760       0.06284      0.001454       -0.5651
  2011.8300       0.4272       -0.1427       -0.7165        0.1037        0.2236       0.06310      0.001212       -0.5697
  2011.9200      -0.4549        0.1195       -0.6304      -0.04288        0.2736       0.06327     0.0009653       -0.5744
  2012.0000       0.1963        0.4714       -0.4519       -0.2181        0.3259       0.06336     0.0007142       -0.5790

       Time         Err1          Err2          Err3          Err4          Err5          Err6          Err7          Err8
  1990.0800       0.6879         1.327         1.438         1.077        0.4795        0.2683       0.04884        0.4997
  1990.1700       0.3654         1.117         1.305        0.9584        0.4431        0.2527       0.04723        0.4928
  1990.2500       0.3664         1.072         1.328        0.8885        0.4124        0.2383       0.04586        0.4860
  1990.3300       0.5313         1.083         1.396        0.8581        0.3876        0.2253       0.04473        0.4793
  1990.4200       0.5429         1.092         1.448        0.8544        0.3684        0.2137       0.04384        0.4726
  1990.5000       0.3686         1.120         1.465        0.8654        0.3545        0.2035       0.04319        0.4660
  1990.5800       0.3697         1.191         1.442        0.8814        0.3454        0.1948       0.04278        0.4594
  1990.6700       0.4110         1.239         1.384        0.8957        0.3404        0.1875       0.04259        0.4529
  1990.7500       0.4939         1.136         1.297        0.9045        0.3388        0.1816       0.04262        0.4465
  1990.8300       0.4239        0.8766         1.185        0.9053        0.3399        0.1771       0.04284        0.4401
  1990.9200       0.4728        0.6499         1.053        0.8972        0.3429        0.1739       0.04325        0.4338
  1991.0000       0.2700        0.5617        0.9062        0.8799        0.3472        0.1719       0.04382        0.4275
  1991.0800       0.2649        0.5310        0.7724        0.8536        0.3523        0.1711       0.04453        0.4213
  1991.1700       0.4388        0.5003        0.6921        0.8191        0.3577        0.1711       0.04537        0.4152
  1991.2500       0.3590        0.5453        0.6776        0.7774        0.3632        0.1721       0.04632        0.4091
  1991.3300       0.3911        0.6013        0.6938        0.7297        0.3683        0.1737       0.04735        0.4031
  1991.4200       0.3192        0.5355        0.6966        0.6779        0.3730        0.1759       0.04846        0.3972
  1991.5000       0.3138        0.4157        0.6764        0.6245        0.3771        0.1786       0.04963        0.3913
  1991.5800       0.3122        0.3583        0.6558        0.5726        0.3805        0.1816       0.05085        0.3855
  1991.6700       0.3087        0.3588        0.6560        0.5255        0.3831        0.1848       0.05210        0.3798
  1991.7500       0.3478        0.3802        0.6724        0.4868        0.3850        0.1882       0.05338        0.3741
  1991.8300       0.2841        0.4472        0.6798        0.4599        0.3860        0.1917       0.05467        0.3685
  1991.9200       0.3318        0.5694        0.6630        0.4467        0.3863        0.1952       0.05597        0.3630
  1992.0000       0.3829        0.6430        0.6333        0.4472        0.3858        0.1987       0.05727        0.3575
  1992.0800       0.2875        0.5495        0.6156        0.4594        0.3846        0.2021       0.05857        0.3521
  1992.1700       0.3853        0.3661        0.6374        0.4801        0.3827        0.2055       0.05986        0.3468
  1992.2500       0.2311        0.2969        0.7042        0.5058        0.3801        0.2086       0.06113        0.3415
  1992.3300       0.2590        0.3198        0.7924        0.5331        0.3769        0.2117       0.06239        0.3364
  1992.4200       0.3248        0.3437        0.8778        0.5586        0.3732        0.2145       0.06362        0.3312
  1992.5000       0.3452        0.3748        0.9419        0.5791        0.3690        0.2172       0.06483        0.3262
  1992.5800       0.3033        0.4097        0.9644        0.5921        0.3643        0.2197       0.06601        0.3212
  1992.6700       0.3133        0.3969        0.9297        0.5963        0.3593        0.2220       0.06716        0.3163
  1992.7500       0.2831        0.3560        0.8407        0.5911        0.3539        0.2241       0.06829        0.3115
  1992.8300       0.2624        0.3141        0.7176        0.5762        0.3482        0.2260       0.06938        0.3067
  1992.9200       0.3351        0.2869        0.5896        0.5510        0.3423        0.2277       0.07043        0.3021
  1993.0000       0.3307        0.2579        0.4798        0.5149        0.3362        0.2292       0.07145        0.2975
  1993.0800       0.3863        0.2471        0.3977        0.4672        0.3299        0.2305       0.07244        0.2929
  1993.1700       0.2747        0.2684        0.3458        0.4094        0.3234        0.2316       0.07339        0.2885
  1993.2500       0.2409        0.2461        0.3263        0.3453        0.3169        0.2326       0.07430        0.2841
  1993.3300       0.3551        0.2557        0.3236        0.2813        0.3102        0.2333       0.07517        0.2798
  1993.4200       0.3391        0.3354        0.3056        0.2273        0.3034        0.2340       0.07600        0.2756
  1993.5000       0.3364        0.3705        0.2583        0.1975        0.2965        0.2344       0.07680        0.2715
  1993.5800       0.3366        0.3146        0.2222        0.2023        0.2895        0.2347       0.07756        0.2674
  1993.6700       0.3539        0.2727        0.2761        0.2333        0.2824        0.2349       0.07828        0.2635
  1993.7500       0.2553        0.2820        0.3762        0.2726        0.2753        0.2350       0.07896        0.2596
  1993.8300       0.2553        0.2362        0.4482        0.3066        0.2680        0.2349       0.07960        0.2558
  1993.9200       0.3673        0.2174        0.4680        0.3294        0.2607        0.2348       0.08020        0.2521
  1994.0000       0.3671        0.2368        0.4471        0.3399        0.2535        0.2345       0.08077        0.2484
  1994.0800       0.2457        0.2377        0.4093        0.3399        0.2464        0.2342       0.08129        0.2449
  1994.1700       0.3509        0.2024        0.3719        0.3328        0.2396        0.2338       0.08178        0.2414
  1994.2500       0.3031        0.2369        0.3432        0.3230        0.2333        0.2334       0.08223        0.2380
  1994.3300       0.3486        0.2231        0.3230        0.3155        0.2276        0.2329       0.08264        0.2347
  1994.4200       0.3783        0.2317        0.3085        0.3145        0.2228        0.2324       0.08301        0.2315
  1994.5000       0.3369        0.2192        0.2943        0.3218        0.2189        0.2318       0.08335        0.2284
  1994.5800       0.2966        0.2317        0.2797        0.3359        0.2160        0.2313       0.08365        0.2253
  1994.6700       0.3339        0.2323        0.2696        0.3526        0.2142        0.2307       0.08391        0.2224
  1994.7500       0.3160        0.2293        0.2662        0.3663        0.2133        0.2301       0.08414        0.2195
  1994.8300       0.3240        0.2656        0.2674        0.3717        0.2132        0.2296       0.08433        0.2168
  1994.9200       0.4152        0.2903        0.2689        0.3650        0.2139        0.2291       0.08449        0.2141
  1995.0000       0.2277        0.2667        0.2694        0.3446        0.2152        0.2286       0.08461        0.2115
  1995.0800       0.1842        0.2327        0.2688        0.3136        0.2169        0.2281       0.08470        0.2090
  1995.1700       0.2158        0.2420        0.2660        0.2790        0.2189        0.2277       0.08475        0.2066
  1995.2500       0.3495        0.2303        0.2639        0.2522        0.2212        0.2273       0.08477        0.2043
  1995.3300       0.3461        0.2163        0.2654        0.2459        0.2235        0.2270       0.08476        0.2021
  1995.4200       0.2254        0.2699        0.2742        0.2663        0.2259        0.2268       0.08472        0.1999
  1995.5000       0.3394        0.3490        0.2982        0.3076        0.2283        0.2266       0.08464        0.1979
  1995.5800       0.3684        0.3943        0.3406        0.3591        0.2306        0.2264       0.08454        0.1959
  1995.6700       0.3356        0.3359        0.3987        0.4113        0.2327        0.2263       0.08440        0.1941
  1995.7500       0.3354        0.2549        0.4695        0.4577        0.2344        0.2263       0.08423        0.1923
  1995.8300       0.4248        0.2674        0.5448        0.4937        0.2358        0.2263       0.08404        0.1906
  1995.9200       0.4151        0.3268        0.6136        0.5152        0.2366        0.2264       0.08382        0.1890
  1996.0000       0.2759        0.2712        0.6569        0.5193        0.2369        0.2266       0.08356        0.1875
  1996.0800       0.2005        0.2382        0.6481        0.5041        0.2365        0.2268       0.08329        0.1861
  1996.1700       0.2555        0.3268        0.5763        0.4703        0.2356        0.2270       0.08298        0.1848
  1996.2500       0.4681        0.3982        0.4872        0.4229        0.2343        0.2273       0.08265        0.1835
  1996.3300       0.3736        0.3860        0.4535        0.3688        0.2326        0.2276       0.08229        0.1823
  1996.4200       0.3845        0.5431        0.5065        0.3167        0.2307        0.2279       0.08191        0.1812
  1996.5000       0.4172        0.6842        0.5833        0.2763        0.2285        0.2283       0.08151        0.1802
  1996.5800       0.4225        0.5672        0.6139        0.2564        0.2263        0.2286       0.08108        0.1793
  1996.6700       0.4378        0.3539        0.5850        0.2603        0.2239        0.2290       0.08063        0.1785
  1996.7500       0.4027        0.3257        0.5153        0.2830        0.2215        0.2293       0.08016        0.1777
  1996.8300       0.4726        0.3378        0.4376        0.3156        0.2189        0.2297       0.07967        0.1770
  1996.9200       0.3175        0.4065        0.3862        0.3499        0.2161        0.2300       0.07916        0.1763
  1997.0000       0.5001        0.4881        0.3709        0.3799        0.2131        0.2302       0.07863        0.1758
  1997.0800       0.5007        0.6797        0.3814        0.4011        0.2099        0.2305       0.07808        0.1753
  1997.1700       0.3337        0.7814        0.4035        0.4102        0.2065        0.2306       0.07751        0.1749
  1997.2500       0.3862        0.7318        0.4221        0.4057        0.2029        0.2307       0.07693        0.1745
  1997.3300       0.3728        0.6450        0.4291        0.3884        0.1992        0.2307       0.07633        0.1742
  1997.4200       0.3772        0.5351        0.4223        0.3608        0.1957        0.2307       0.07571        0.1740
  1997.5000       0.3188        0.4672        0.4053        0.3262        0.1924        0.2306       0.07508        0.1738
  1997.5800       0.3688        0.3868        0.3860        0.2884        0.1896        0.2304       0.07444        0.1737
  1997.6700       0.3799        0.3023        0.3724        0.2522        0.1875        0.2301       0.07379        0.1736
  1997.7500       0.2614        0.2881        0.3665        0.2231        0.1860        0.2297       0.07312        0.1736
  1997.8300       0.4161        0.3627        0.3671        0.2062        0.1854        0.2293       0.07244        0.1736
  1997.9200       0.2770        0.4641        0.3725        0.2037        0.1857        0.2288       0.07176        0.1737
  1998.0000       0.4296        0.5123        0.3779        0.2127        0.1868        0.2282       0.07106        0.1738
  1998.0800       0.3086        0.5523        0.3820        0.2268        0.1887        0.2276       0.07036        0.1739
  1998.1700       0.4184        0.5815        0.3829        0.2397        0.1912        0.2269       0.06965        0.1741
  1998.2500       0.3571        0.6130        0.3801        0.2477        0.1944        0.2262       0.06894        0.1744
  1998.3300       0.3546        0.6367        0.3750        0.2499        0.1981        0.2254       0.06822        0.1746
  1998.4200       0.4119        0.6075        0.3664        0.2469        0.2023        0.2246       0.06750        0.1750
  1998.5000       0.3273        0.5011        0.3494        0.2403        0.2067        0.2238       0.06678        0.1753
  1998.5800       0.3505        0.3583        0.3243        0.2315        0.2112        0.2230       0.06605        0.1756
  1998.6700       0.2535        0.2814        0.3008        0.2220        0.2155        0.2222       0.06533        0.1760
  1998.7500       0.3865        0.2839        0.2957        0.2129        0.2194        0.2213       0.06461        0.1765
  1998.8300       0.3401        0.3088        0.3146        0.2048        0.2226        0.2206       0.06389        0.1769
  1998.9200       0.4023        0.3136        0.3339        0.1977        0.2248        0.2198       0.06317        0.1774
  1999.0000       0.4433        0.4686        0.3315        0.1915        0.2259        0.2191       0.06246        0.1778
  1999.0800       0.5326        0.4735        0.3038        0.1866        0.2258        0.2184       0.06175        0.1783
  1999.1700       0.4001        0.2954        0.2708        0.1847        0.2245        0.2178       0.06106        0.1789
  1999.2500       0.2218        0.3010        0.2619        0.1883        0.2221        0.2173       0.06037        0.1794
  1999.3300       0.1976        0.2658        0.2807        0.1982        0.2188        0.2168       0.05969        0.1799
  1999.4200       0.3888        0.2446        0.3028        0.2132        0.2151        0.2163       0.05903        0.1805
  1999.5000       0.4417        0.2928        0.3096        0.2307        0.2113        0.2160       0.05838        0.1811
  1999.5800       0.3878        0.2532        0.3048        0.2471        0.2077        0.2157       0.05774        0.1816
  1999.6700       0.3515        0.2782        0.2993        0.2593        0.2048        0.2155       0.05712        0.1822
  1999.7500       0.3319        0.2685        0.3010        0.2646        0.2025        0.2154       0.05651        0.1828
  1999.8300       0.2793        0.2242        0.3112        0.2621        0.2012        0.2154       0.05593        0.1834
  1999.9200       0.2488        0.2205        0.3206        0.2532        0.2006        0.2154       0.05536        0.1840
  2000.0000       0.3084        0.2180        0.3196        0.2420        0.2006        0.2156       0.05482        0.1846
  2000.0800       0.2891        0.2304        0.3067        0.2350        0.2008        0.2158       0.05430        0.1852
  2000.1700       0.2805        0.2354        0.2903        0.2391        0.2008        0.2162       0.05381        0.1858
  2000.2500       0.2088        0.2501        0.2929        0.2559        0.2002        0.2166       0.05334        0.1864
  2000.3300       0.2141        0.2458        0.3238        0.2795        0.1985        0.2171       0.05290        0.1870
  2000.4200       0.2471        0.2575        0.3480        0.3002        0.1953        0.2177       0.05248        0.1876
  2000.5000       0.3263        0.2317        0.3404        0.3116        0.1902        0.2184       0.05210        0.1882
  2000.5800       0.3441        0.2381        0.3139        0.3117        0.1833        0.2192       0.05174        0.1888
  2000.6700       0.3682        0.2718        0.2904        0.3026        0.1750        0.2201       0.05142        0.1894
  2000.7500       0.3887        0.2579        0.2702        0.2883        0.1659        0.2210       0.05113        0.1900
  2000.8300       0.3717        0.2405        0.2516        0.2736        0.1570        0.2220       0.05087        0.1906
  2000.9200       0.3884        0.2645        0.2443        0.2629        0.1492        0.2231       0.05065        0.1912
  2001.0000       0.3474        0.2938        0.2473        0.2578        0.1434        0.2243       0.05046        0.1918
  2001.0800       0.4326        0.2974        0.2469        0.2565        0.1404        0.2255       0.05031        0.1924
  2001.1700       0.4750        0.3537        0.2422        0.2552        0.1406        0.2268       0.05019        0.1929
  2001.2500       0.2595        0.3237        0.2443        0.2515        0.1437        0.2281       0.05011        0.1935
  2001.3300       0.1973        0.2649        0.2589        0.2458        0.1494        0.2295       0.05007        0.1940
  2001.4200       0.3422        0.2650        0.2760        0.2403        0.1571        0.2309       0.05006        0.1946
  2001.5000       0.4029        0.2649        0.2870        0.2380        0.1661        0.2323       0.05009        0.1951
  2001.5800       0.4405        0.2645        0.2918        0.2409        0.1756        0.2337       0.05015        0.1956
  2001.6700       0.2613        0.3175        0.2998        0.2495        0.1851        0.2352       0.05025        0.1962
  2001.7500       0.3042        0.3317        0.3168        0.2616        0.1940        0.2366       0.05038        0.1967
  2001.8300       0.4049        0.3502        0.3389        0.2734        0.2018        0.2381       0.05055        0.1972
  2001.9200       0.2746        0.3710        0.3575        0.2807        0.2083        0.2395       0.05075        0.1977
  2002.0000       0.4459        0.3840        0.3633        0.2805        0.2130        0.2409       0.05099        0.1982
  2002.0800       0.2231        0.4012        0.3518        0.2723        0.2161        0.2423       0.05126        0.1987
  2002.1700       0.2771        0.4054        0.3314        0.2583        0.2175        0.2437       0.05156        0.1992
  2002.2500       0.4143        0.3822        0.3158        0.2434        0.2175        0.2451       0.05189        0.1996
  2002.3300       0.3261        0.2922        0.3101        0.2340        0.2164        0.2464       0.05225        0.2001
  2002.4200       0.4443        0.2257        0.3087        0.2351        0.2144        0.2476       0.05263        0.2005
  2002.5000       0.3437        0.2449        0.3042        0.2486        0.2119        0.2489       0.05305        0.2010
  2002.5800       0.2971        0.2533        0.3052        0.2716        0.2090        0.2501       0.05349        0.2014
  2002.6700       0.3131        0.2562        0.3207        0.2990        0.2060        0.2512       0.05396        0.2019
  2002.7500       0.3277        0.2637        0.3413        0.3249        0.2032        0.2524       0.05445        0.2023
  2002.8300       0.3276        0.3244        0.3519        0.3443        0.2006        0.2534       0.05496        0.2027
  2002.9200       0.3282        0.3839        0.3505        0.3531        0.1983        0.2545       0.05549        0.2032
  2003.0000       0.3358        0.4068        0.3442        0.3491        0.1964        0.2555       0.05604        0.2036
  2003.0800       0.2731        0.4027        0.3373        0.3327        0.1949        0.2564       0.05661        0.2040
  2003.1700       0.3616        0.3512        0.3337        0.3080        0.1937        0.2573       0.05719        0.2044
  2003.2500       0.2570        0.3113        0.3428        0.2814        0.1929        0.2581       0.05779        0.2048
  2003.3300       0.3527        0.2876        0.3694        0.2622        0.1925        0.2589       0.05840        0.2053
  2003.4200       0.3110        0.2782        0.4071        0.2606        0.1923        0.2597       0.05902        0.2057
  2003.5000       0.2603        0.3008        0.4473        0.2827        0.1924        0.2604       0.05966        0.2061
  2003.5800       0.3490        0.3090        0.4895        0.3264        0.1925        0.2611       0.06030        0.2065
  2003.6700       0.3388        0.2727        0.5370        0.3847        0.1927        0.2617       0.06095        0.2069
  2003.7500       0.3694        0.2336        0.5947        0.4506        0.1929        0.2622       0.06161        0.2073
  2003.8300       0.3172        0.2451        0.6702        0.5181        0.1929        0.2628       0.06227        0.2077
  2003.9200       0.3346        0.2731        0.7642        0.5814        0.1927        0.2632       0.06294        0.2082
  2004.0000       0.3021        0.2998        0.8563        0.6343        0.1924        0.2637       0.06361        0.2086
  2004.0800       0.3838        0.3025        0.9117        0.6712        0.1920        0.2641       0.06428        0.2090
  2004.1700       0.2721        0.3115        0.8998        0.6873        0.1915        0.2645       0.06494        0.2094
  2004.2500       0.2196        0.2941        0.8205        0.6808        0.1911        0.2649       0.06561        0.2099
  2004.3300       0.2611        0.2872        0.7045        0.6517        0.1909        0.2652       0.06628        0.2103
  2004.4200       0.3590        0.3574        0.5941        0.6011        0.1911        0.2655       0.06694        0.2108
  2004.5000       0.3283        0.4463        0.5165        0.5310        0.1918        0.2658       0.06759        0.2113
  2004.5800       0.3304        0.4244        0.4646        0.4459        0.1933        0.2661       0.06824        0.2118
  2004.6700       0.3561        0.3499        0.4197        0.3556        0.1957        0.2664       0.06888        0.2123
  2004.7500       0.2790        0.3291        0.3813        0.2779        0.1991        0.2667       0.06952        0.2128
  2004.8300       0.3215        0.2764        0.3530        0.2428        0.2034        0.2669       0.07014        0.2133
  2004.9200       0.4609        0.2769        0.3324        0.2714        0.2087        0.2672       0.07076        0.2138
  2005.0000       0.4283        0.3012        0.3319        0.3432        0.2146        0.2674       0.07136        0.2144
  2005.0800       0.3884        0.2563        0.3954        0.4285        0.2212        0.2677       0.07195        0.2150
  2005.1700       0.4574        0.2571        0.5212        0.5109        0.2281        0.2679       0.07252        0.2156
  2005.2500       0.4252        0.2681        0.6540        0.5818        0.2351        0.2682       0.07308        0.2162
  2005.3300       0.4096        0.2124        0.7504        0.6360        0.2420        0.2684       0.07363        0.2168
  2005.4200       0.4276        0.2727        0.8051        0.6707        0.2487        0.2686       0.07416        0.2175
  2005.5000       0.3012        0.2953        0.8196        0.6847        0.2549        0.2688       0.07467        0.2182
  2005.5800       0.3192        0.2863        0.7942        0.6790        0.2605        0.2690       0.07517        0.2189
  2005.6700       0.3875        0.3306        0.7386        0.6557        0.2657        0.2692       0.07564        0.2197
  2005.7500       0.3063        0.3146        0.6708        0.6180        0.2704        0.2693       0.07610        0.2204
  2005.8300       0.2720        0.3265        0.6062        0.5700        0.2746        0.2695       0.07653        0.2212
  2005.9200       0.2653        0.3361        0.5452        0.5168        0.2784        0.2696       0.07695        0.2221
  2006.0000       0.3243        0.3271        0.4873        0.4650        0.2818        0.2697       0.07734        0.2229
  2006.0800       0.3869        0.3152        0.4376        0.4221        0.2849        0.2698       0.07770        0.2238
  2006.1700       0.3798        0.2616        0.3981        0.3950        0.2876        0.2699       0.07805        0.2248
  2006.2500       0.4167        0.2083        0.3600        0.3864        0.2901        0.2699       0.07837        0.2258
  2006.3300       0.2151        0.2043        0.3210        0.3940        0.2921        0.2699       0.07866        0.2268
  2006.4200       0.2318        0.2218        0.3019        0.4110        0.2938        0.2698       0.07893        0.2278
  2006.5000       0.4381        0.2577        0.3106        0.4292        0.2951        0.2698       0.07917        0.2289
  2006.5800       0.4097        0.3596        0.3245        0.4415        0.2958        0.2696       0.07938        0.2300
  2006.6700       0.4311        0.4228        0.3278        0.4434        0.2961        0.2695       0.07957        0.2312
  2006.7500       0.3107        0.3356        0.3210        0.4354        0.2957        0.2693       0.07972        0.2324
  2006.8300       0.2572        0.2824        0.3188        0.4217        0.2946        0.2690       0.07985        0.2337
  2006.9200       0.3142        0.2926        0.3316        0.4075        0.2929        0.2687       0.07994        0.2350
  2007.0000       0.3649        0.3305        0.3615        0.3977        0.2905        0.2683       0.08001        0.2364
  2007.0800       0.2745        0.3943        0.3973        0.3953        0.2874        0.2679       0.08004        0.2378
  2007.1700       0.2046        0.4379        0.4224        0.4001        0.2835        0.2674       0.08004        0.2393
  2007.2500       0.1933        0.4037        0.4299        0.4089        0.2788        0.2668       0.08001        0.2408
  2007.3300       0.2284        0.3915        0.4360        0.4170        0.2733        0.2661       0.07994        0.2424
  2007.4200       0.3642        0.3875        0.4592        0.4199        0.2672        0.2654       0.07984        0.2440
  2007.5000       0.3789        0.3867        0.4910        0.4142        0.2605        0.2646       0.07971        0.2457
  2007.5800       0.3315        0.3532        0.5024        0.3981        0.2534        0.2637       0.07954        0.2474
  2007.6700       0.3262        0.3146        0.4814        0.3722        0.2461        0.2627       0.07934        0.2492
  2007.7500       0.3299        0.3061        0.4475        0.3413        0.2389        0.2616       0.07910        0.2511
  2007.8300       0.2622        0.3073        0.4333        0.3146        0.2321        0.2604       0.07882        0.2530
  2007.9200       0.2909        0.3060        0.4443        0.3025        0.2262        0.2591       0.07851        0.2549
  2008.0000       0.4160        0.3196        0.4610        0.3114        0.2214        0.2576       0.07816        0.2570
  2008.0800       0.2253        0.3158        0.4702        0.3398        0.2182        0.2561       0.07777        0.2591
  2008.1700       0.3760        0.3073        0.4711        0.3806        0.2166        0.2544       0.07734        0.2612
  2008.2500       0.2996        0.3017        0.4662        0.4258        0.2169        0.2526       0.07688        0.2634
  2008.3300       0.3795        0.3248        0.4585        0.4683        0.2189        0.2507       0.07637        0.2657
  2008.4200       0.3601        0.4217        0.4506        0.5028        0.2226        0.2486       0.07583        0.2681
  2008.5000       0.3801        0.4789        0.4460        0.5254        0.2276        0.2463       0.07525        0.2705
  2008.5800       0.3210        0.5106        0.4520        0.5339        0.2338        0.2439       0.07463        0.2729
  2008.6700       0.3544        0.5022        0.4659        0.5284        0.2408        0.2414       0.07398        0.2755
  2008.7500       0.3364        0.4885        0.4717        0.5107        0.2484        0.2387       0.07328        0.2781
  2008.8300       0.3666        0.4436        0.4528        0.4838        0.2563        0.2358       0.07254        0.2808
  2008.9200       0.3766        0.4122        0.4100        0.4518        0.2643        0.2328       0.07177        0.2835
  2009.0000       0.4362        0.4419        0.3648        0.4192        0.2724        0.2295       0.07096        0.2863
  2009.0800       0.3589        0.5074        0.3425        0.3903        0.2803        0.2262       0.07011        0.2892
  2009.1700       0.5421        0.4484        0.3439        0.3687        0.2880        0.2226       0.06922        0.2921
  2009.2500       0.6517        0.6619        0.3466        0.3566        0.2954        0.2188       0.06830        0.2952
  2009.3300       0.3085        0.5356        0.3394        0.3537        0.3024        0.2149       0.06734        0.2982
  2009.4200       0.2198        0.3033        0.3573        0.3587        0.3089        0.2108       0.06634        0.3014
  2009.5000       0.3133        0.3601        0.4412        0.3695        0.3149        0.2065       0.06531        0.3046
  2009.5800       0.5604        0.4048        0.5800        0.3835        0.3203        0.2021       0.06425        0.3079
  2009.6700       0.5116        0.4843        0.7233        0.3979        0.3251        0.1975       0.06316        0.3113
  2009.7500       0.3522        0.5915        0.8237        0.4099        0.3292        0.1928       0.06204        0.3147
  2009.8300       0.4235        0.5277        0.8510        0.4177        0.3325        0.1879       0.06089        0.3182
  2009.9200       0.3422        0.4718        0.8011        0.4205        0.3350        0.1829       0.05972        0.3218
  2010.0000       0.3679        0.4263        0.6918        0.4197        0.3367        0.1779       0.05853        0.3254
  2010.0800       0.3330        0.3847        0.5686        0.4183        0.3376        0.1728       0.05732        0.3291
  2010.1700       0.3150        0.3840        0.5025        0.4196        0.3377        0.1678       0.05609        0.3329
  2010.2500       0.1898        0.5634        0.5386        0.4264        0.3369        0.1627       0.05486        0.3367
  2010.3300       0.1981        0.6814        0.6250        0.4402        0.3353        0.1579       0.05363        0.3407
  2010.4200       0.2731        0.5978        0.6796        0.4614        0.3329        0.1532       0.05239        0.3447
  2010.5000       0.5040        0.5006        0.6733        0.4889        0.3297        0.1488       0.05117        0.3487
  2010.5800       0.3993        0.4667        0.6282        0.5211        0.3259        0.1448       0.04997        0.3528
  2010.6700       0.4726        0.4711        0.5925        0.5561        0.3215        0.1413       0.04880        0.3570
  2010.7500       0.4561        0.4628        0.5872        0.5919        0.3167        0.1386       0.04767        0.3613
  2010.8300       0.3342        0.5254        0.5893        0.6261        0.3116        0.1366       0.04659        0.3656
  2010.9200       0.2236        0.6439        0.5679        0.6567        0.3066        0.1357       0.04557        0.3700
  2011.0000       0.2883        0.6339        0.5180        0.6819        0.3020        0.1359       0.04464        0.3745
  2011.0800       0.5030        0.6507        0.4853        0.7000        0.2983        0.1373       0.04380        0.3791
  2011.1700       0.3230        0.7158        0.5401        0.7100        0.2959        0.1402       0.04307        0.3837
  2011.2500       0.3856        0.7746        0.6917        0.7107        0.2954        0.1445       0.04248        0.3883
  2011.3300       0.4915        0.8504        0.8771        0.7016        0.2976        0.1502       0.04204        0.3931
  2011.4200       0.3804        0.9901         1.035        0.6828        0.3031        0.1575       0.04178        0.3979
  2011.5000       0.3545         1.159         1.132        0.6556        0.3125        0.1662       0.04170        0.4028
  2011.5800       0.4701         1.194         1.151        0.6230        0.3265        0.1762       0.04182        0.4077
  2011.6700       0.3528         1.107         1.086        0.5919        0.3455        0.1876       0.04216        0.4127
  2011.7500       0.4614        0.9615        0.9396        0.5744        0.3696        0.2002       0.04273        0.4178
  2011.8300       0.3461        0.8588        0.7537        0.5879        0.3990        0.2140       0.04354        0.4230
  2011.9200       0.3588        0.9681        0.7165        0.6504        0.4337        0.2289       0.04459        0.4282
  2012.0000       0.5774         1.388         1.097        0.7716        0.4736        0.2449       0.04587        0.4335

         Freq      HH.IMF1       HH.IMF2       HH.IMF3       HH.IMF4       HH.IMF5       HH.IMF6       HH.IMF7
      0.04796        0.000         0.000         0.000         0.000         0.000         0.000      0.001115
      0.05287     0.004135      0.003559         0.000         0.000         0.000        0.1480     0.0003596
      0.05829        0.000         0.000         0.000         0.000         0.000        0.1234     0.0003596
      0.06427        0.000         0.000         0.000       0.02062         0.000        0.1480     0.0005753
      0.07086        0.000         0.000         0.000         0.000         0.000         1.530     0.0004315
      0.07812        0.000         0.000         0.000         0.000         0.000         2.270     0.0001798
      0.08613        0.000         0.000         0.000         0.000         0.000        0.4441     0.0001798
      0.09495        0.000         0.000         0.000         0.000         0.000        0.3701     7.192E-05
       0.1047        0.000         0.000         0.000         0.000       0.03250        0.4935         0.000
       0.1154     0.004135         0.000        0.1047         0.000        0.2817        0.4688         0.000
       0.1272     0.004135      0.003559       0.06982       0.02062        0.4658        0.3454         0.000
       0.1403     0.004135      0.003559       0.06982         0.000        0.4117       0.07402         0.000
       0.1547      0.01241      0.003559         0.000         0.000        0.3575       0.04935         0.000
       0.1705        0.000         0.000       0.06982         0.000        0.2708         0.000         0.000
       0.1880     0.008270         0.000       0.03491         0.000        0.1625         0.000         0.000
       0.2073     0.004135      0.003559       0.03491       0.04124        0.2600         0.000         0.000
       0.2285      0.01241      0.007118        0.1047       0.06186       0.09750         0.000         0.000
       0.2519     0.004135      0.003559        0.1396        0.3711       0.07583         0.000         0.000
       0.2778      0.01241       0.01068        0.1396        0.2887       0.02167         0.000         0.000
       0.3062        0.000      0.007118       0.06982        0.6186       0.04333         0.000         0.000
       0.3376     0.008270      0.003559        0.1745        0.8041       0.03250         0.000         0.000
       0.3722     0.008270      0.003559        0.1745        0.7629       0.04333         0.000         0.000
       0.4104     0.004135       0.01068        0.1745        0.8454       0.03250         0.000         0.000
       0.4524     0.004135       0.02135        0.7331        0.4536       0.02167         0.000         0.000
       0.4988      0.01654         0.000         1.082        0.3918       0.05417         0.000         0.000
       0.5500      0.01241      0.007118        0.7331        0.3918       0.04333         0.000         0.000
       0.6063      0.02068      0.003559         1.187       0.08248         0.000         0.000         0.000
       0.6685      0.01654       0.01424         1.466        0.1031         0.000         0.000         0.000
       0.7370      0.02481       0.02135        0.8727        0.1237         0.000         0.000         0.000
       0.8125     0.008270       0.03203        0.3142         0.000         0.000         0.000         0.000
       0.8958      0.02481       0.04627        0.3840         0.000         0.000         0.000         0.000
       0.9876      0.02068       0.02491        0.1396         0.000         0.000         0.000         0.000
        1.089      0.02481       0.06406        0.1396         0.000         0.000         0.000         0.000
        1.200      0.07030       0.06406        0.1047         0.000         0.000         0.000         0.000
        1.324      0.05376        0.1246        0.2444         0.000         0.000         0.000         0.000
        1.459      0.04962        0.1779        0.1745         0.000         0.000         0.000         0.000
        1.609      0.04549        0.1068         0.000         0.000         0.000         0.000         0.000
        1.774       0.1116       0.06762         0.000         0.000         0.000         0.000         0.000
        1.955       0.1902       0.05338         0.000         0.000         0.000         0.000         0.000
        2.156       0.1075       0.01424         0.000         0.000         0.000         0.000         0.000
        2.377      0.07030       0.01068         0.000         0.000         0.000         0.000         0.000
        2.620      0.03722      0.007118         0.000         0.000         0.000         0.000         0.000
        2.889      0.01654         0.000         0.000         0.000         0.000         0.000         0.000
        3.185      0.02895         0.000         0.000         0.000         0.000         0.000         0.000
        3.512        0.000         0.000         0.000         0.000         0.000         0.000         0.000
        3.872     0.008270         0.000         0.000         0.000         0.000         0.000         0.000
        4.269        0.000         0.000         0.000         0.000         0.000         0.000         0.000
        4.706        0.000         0.000         0.000         0.000         0.000         0.000         0.000
        5.188        0.000         0.000         0.000         0.000         0.000         0.000         0.000

                    IMF1          IMF2          IMF3          IMF4          IMF5          IMF6          IMF7
     Period       -1.967       -0.7498        0.6523         1.290         2.460         4.460         4.460
     Energy      -0.8273        -1.375        0.7399       -0.5426        -2.101        -5.296        -12.93

 5%.Sig.Lvl
       Period        Energy
       -2.142       -0.8540
       -2.069       -0.9144
       -1.996       -0.9746
       -1.923        -1.035
       -1.851        -1.095
       -1.778        -1.154
       -1.705        -1.214
       -1.632        -1.273
       -1.559        -1.332
       -1.486        -1.391
       -1.413        -1.450
       -1.341        -1.508
       -1.268        -1.567
       -1.195        -1.625
       -1.122        -1.683
       -1.049        -1.741
      -0.9762        -1.798
      -0.9034        -1.855
      -0.8305        -1.912
      -0.7576        -1.969
      -0.6848        -2.026
      -0.6119        -2.082
      -0.5391        -2.138
      -0.4662        -2.194
      -0.3933        -2.250
      -0.3205        -2.305
      -0.2476        -2.361
      -0.1747        -2.416
      -0.1019        -2.470
     -0.02901        -2.525
      0.04386        -2.579
       0.1167        -2.633
       0.1896        -2.686
       0.2624        -2.740
       0.3353        -2.793
       0.4082        -2.846
       0.4810        -2.898
       0.5539        -2.951
       0.6268        -3.003
       0.6996        -3.054
       0.7725        -3.106
       0.8454        -3.157
       0.9182        -3.208
       0.9911        -3.258
        1.064        -3.309
        1.137        -3.359
        1.210        -3.408
        1.283        -3.458
        1.355        -3.507
        1.428        -3.556
        1.501        -3.604
        1.574        -3.653
        1.647        -3.701
        1.720        -3.749
        1.793        -3.796
        1.865        -3.843
        1.938        -3.890
        2.011        -3.937
        2.084        -3.983
        2.157        -4.029
        2.230        -4.075
        2.303        -4.120
        2.375        -4.165
        2.448        -4.210
        2.521        -4.255
        2.594        -4.300
        2.667        -4.344
        2.740        -4.388
        2.813        -4.432
        2.886        -4.475
        2.958        -4.519
        3.031        -4.562
        3.104        -4.605
        3.177        -4.647
        3.250        -4.690
        3.323        -4.732
        3.396        -4.775
        3.468        -4.817
        3.541        -4.859
        3.614        -4.901
        3.687        -4.943
        3.760        -4.984
        3.833        -5.026
        3.906        -5.068
        3.978        -5.109
        4.051        -5.151
        4.124        -5.192
        4.197        -5.234
        4.270        -5.275
        4.343        -5.317
        4.416        -5.359
        4.489        -5.401
        4.561        -5.442
        4.634        -5.485
        4.707        -5.527
        4.780        -5.569
        4.853        -5.612
        4.926        -5.655
        4.999        -5.698
        5.071        -5.742

 1%.Sig.Lvl
       Period        Energy
       -2.142       -0.7250
       -2.069       -0.7824
       -1.996       -0.8396
       -1.923       -0.8965
       -1.851       -0.9532
       -1.778        -1.010
       -1.705        -1.066
       -1.632        -1.122
       -1.559        -1.177
       -1.486        -1.233
       -1.413        -1.288
       -1.341        -1.343
       -1.268        -1.397
       -1.195        -1.452
       -1.122        -1.506
       -1.049        -1.559
      -0.9762        -1.613
      -0.9034        -1.666
      -0.8305        -1.719
      -0.7576        -1.771
      -0.6848        -1.823
      -0.6119        -1.875
      -0.5391        -1.927
      -0.4662        -1.978
      -0.3933        -2.029
      -0.3205        -2.080
      -0.2476        -2.130
      -0.1747        -2.180
      -0.1019        -2.229
     -0.02901        -2.279
      0.04386        -2.328
       0.1167        -2.376
       0.1896        -2.424
       0.2624        -2.472
       0.3353        -2.520
       0.4082        -2.567
       0.4810        -2.613
       0.5539        -2.660
       0.6268        -2.706
       0.6996        -2.751
       0.7725        -2.796
       0.8454        -2.841
       0.9182        -2.886
       0.9911        -2.930
        1.064        -2.973
        1.137        -3.016
        1.210        -3.059
        1.283        -3.102
        1.355        -3.144
        1.428        -3.186
        1.501        -3.227
        1.574        -3.268
        1.647        -3.308
        1.720        -3.348
        1.793        -3.388
        1.865        -3.427
        1.938        -3.466
        2.011        -3.504
        2.084        -3.543
        2.157        -3.580
        2.230        -3.617
        2.303        -3.654
        2.375        -3.691
        2.448        -3.727
        2.521        -3.763
        2.594        -3.798
        2.667        -3.833
        2.740        -3.868
        2.813        -3.902
        2.886        -3.936
        2.958        -3.970
        3.031        -4.003
        3.104        -4.036
        3.177        -4.068
        3.250        -4.100
        3.323        -4.132
        3.396        -4.164
        3.468        -4.195
        3.541        -4.226
        3.614        -4.257
        3.687        -4.287
        3.760        -4.317
        3.833        -4.347
        3.906        -4.377
        3.978        -4.406
        4.051        -4.436
        4.124        -4.465
        4.197        -4.493
        4.270        -4.522
        4.343        -4.550
        4.416        -4.579
        4.489        -4.607
        4.561        -4.635
        4.634        -4.662
        4.707        -4.690
        4.780        -4.718
        4.853        -4.745
        4.926        -4.773
        4.999        -4.800
        5.071        -4.827
