NTime  254 NIMF  7

       Time       RawData
  1990.0800     1.117E-08
  1990.1700     1.124E-08
  1990.2500     1.120E-08
  1990.3300     1.090E-08
  1990.4200     1.056E-08
  1990.5000     1.076E-08
  1990.5800     1.094E-08
  1990.6700     1.128E-08
  1990.7500     1.129E-08
  1990.8300     1.098E-08
  1990.9200     1.088E-08
  1991.0000     1.090E-08
  1991.0800     1.115E-08
  1991.1700     1.137E-08
  1991.2500     1.090E-08
  1991.3300     1.064E-08
  1991.4200     1.071E-08
  1991.5000     1.092E-08
  1991.5800     1.117E-08
  1991.6700     1.134E-08
  1991.7500     1.115E-08
  1991.8300     1.083E-08
  1991.9200     1.084E-08
  1992.0000     1.084E-08
  1992.0800     1.107E-08
  1992.1700     1.118E-08
  1992.2500     1.066E-08
  1992.3300     1.034E-08
  1992.4200     1.040E-08
  1992.5000     1.060E-08
  1992.5800     1.082E-08
  1992.6700     1.092E-08
  1992.7500     1.063E-08
  1992.8300     1.067E-08
  1992.9200     1.073E-08
  1993.0000     1.089E-08
  1993.0800     1.106E-08
  1993.1700     1.089E-08
  1993.2500     1.046E-08
  1993.3300     1.046E-08
  1993.4200     1.056E-08
  1993.5000     1.074E-08
  1993.5800     1.090E-08
  1993.6700     1.087E-08
  1993.7500     1.062E-08
  1993.8300     1.062E-08
  1993.9200     1.076E-08
  1994.0000     1.096E-08
  1994.0800     1.104E-08
  1994.1700     1.072E-08
  1994.2500     1.039E-08
  1994.3300     1.039E-08
  1994.4200     1.053E-08
  1994.5000     1.072E-08
  1994.5800     1.083E-08
  1994.6700     1.074E-08
  1994.7500     1.050E-08
  1994.8300     1.066E-08
  1994.9200     1.065E-08
  1995.0000     1.086E-08
  1995.0800     1.091E-08
  1995.1700     1.050E-08
  1995.2500     1.024E-08
  1995.3300     1.040E-08
  1995.4200     1.049E-08
  1995.5000     1.071E-08
  1995.5800     1.074E-08
  1995.6700     1.063E-08
  1995.7500     1.047E-08
  1995.8300     1.063E-08
  1995.9200     1.077E-08
  1996.0000     1.085E-08
  1996.0800     1.069E-08
  1996.1700     1.039E-08
  1996.2500     1.040E-08
  1996.3300     1.048E-08
  1996.4200     1.060E-08
  1996.5000     1.077E-08
  1996.5800     1.080E-08
  1996.6700     1.050E-08
  1996.7500     1.048E-08
  1996.8300     1.062E-08
  1996.9200     1.082E-08
  1997.0000     1.092E-08
  1997.0800     1.068E-08
  1997.1700     1.035E-08
  1997.2500     1.041E-08
  1997.3300     1.051E-08
  1997.4200     1.071E-08
  1997.5000     1.085E-08
  1997.5800     1.081E-08
  1997.6700     1.056E-08
  1997.7500     1.056E-08
  1997.8300     1.067E-08
  1997.9200     1.082E-08
  1998.0000     1.086E-08
  1998.0800     1.059E-08
  1998.1700     1.040E-08
  1998.2500     1.051E-08
  1998.3300     1.071E-08
  1998.4200     1.101E-08
  1998.5000     1.112E-08
  1998.5800     1.088E-08
  1998.6700     1.079E-08
  1998.7500     1.084E-08
  1998.8300     1.100E-08
  1998.9200     1.116E-08
  1999.0000     1.096E-08
  1999.0800     1.048E-08
  1999.1700     1.059E-08
  1999.2500     1.076E-08
  1999.3300     1.091E-08
  1999.4200     1.113E-08
  1999.5000     1.113E-08
  1999.5800     1.085E-08
  1999.6700     1.085E-08
  1999.7500     1.104E-08
  1999.8300     1.118E-08
  1999.9200     1.136E-08
  2000.0000     1.106E-08
  2000.0800     1.077E-08
  2000.1700     1.082E-08
  2000.2500     1.099E-08
  2000.3300     1.125E-08
  2000.4200     1.137E-08
  2000.5000     1.124E-08
  2000.5800     1.092E-08
  2000.6700     1.099E-08
  2000.7500     1.115E-08
  2000.8300     1.124E-08
  2000.9200     1.130E-08
  2001.0000     1.098E-08
  2001.0800     1.059E-08
  2001.1700     1.072E-08
  2001.2500     1.083E-08
  2001.3300     1.118E-08
  2001.4200     1.139E-08
  2001.5000     1.119E-08
  2001.5800     1.108E-08
  2001.6700     1.103E-08
  2001.7500     1.134E-08
  2001.8300     1.144E-08
  2001.9200     1.126E-08
  2002.0000     1.069E-08
  2002.0800     1.055E-08
  2002.1700     1.066E-08
  2002.2500     1.092E-08
  2002.3300     1.122E-08
  2002.4200     1.093E-08
  2002.5000     1.079E-08
  2002.5800     1.089E-08
  2002.6700     1.088E-08
  2002.7500     1.098E-08
  2002.8300     1.105E-08
  2002.9200     1.074E-08
  2003.0000     1.045E-08
  2003.0800     1.045E-08
  2003.1700     1.062E-08
  2003.2500     1.091E-08
  2003.3300     1.100E-08
  2003.4200     1.076E-08
  2003.5000     1.072E-08
  2003.5800     1.062E-08
  2003.6700     1.063E-08
  2003.7500     1.089E-08
  2003.8300     1.078E-08
  2003.9200     1.051E-08
  2004.0000     1.027E-08
  2004.0800     1.038E-08
  2004.1700     1.062E-08
  2004.2500     1.079E-08
  2004.3300     1.077E-08
  2004.4200     1.049E-08
  2004.5000     1.055E-08
  2004.5800     1.068E-08
  2004.6700     1.081E-08
  2004.7500     1.083E-08
  2004.8300     1.066E-08
  2004.9200     1.041E-08
  2005.0000     1.041E-08
  2005.0800     1.046E-08
  2005.1700     1.061E-08
  2005.2500     1.079E-08
  2005.3300     1.066E-08
  2005.4200     1.046E-08
  2005.5000     1.049E-08
  2005.5800     1.052E-08
  2005.6700     1.079E-08
  2005.7500     1.085E-08
  2005.8300     1.068E-08
  2005.9200     1.034E-08
  2006.0000     1.025E-08
  2006.0800     1.036E-08
  2006.1700     1.057E-08
  2006.2500     1.069E-08
  2006.3300     1.053E-08
  2006.4200     1.044E-08
  2006.5000     1.051E-08
  2006.5800     1.059E-08
  2006.6700     1.080E-08
  2006.7500     1.071E-08
  2006.8300     1.047E-08
  2006.9200     1.029E-08
  2007.0000     1.031E-08
  2007.0800     1.047E-08
  2007.1700     1.062E-08
  2007.2500     1.068E-08
  2007.3300     1.041E-08
  2007.4200     1.046E-08
  2007.5000     1.060E-08
  2007.5800     1.065E-08
  2007.6700     1.072E-08
  2007.7500     1.056E-08
  2007.8300     1.015E-08
  2007.9200     1.014E-08
  2008.0000     1.033E-08
  2008.0800     1.049E-08
  2008.1700     1.071E-08
  2008.2500     1.063E-08
  2008.3300     1.048E-08
  2008.4200     1.050E-08
  2008.5000     1.063E-08
  2008.5800     1.073E-08
  2008.6700     1.080E-08
  2008.7500     1.050E-08
  2008.8300     1.027E-08
  2008.9200     1.035E-08
  2009.0000     1.045E-08
  2009.0800     1.066E-08
  2009.1700     1.077E-08
  2009.2500     1.056E-08
  2009.3300     1.046E-08
  2009.4200     1.045E-08
  2009.5000     1.069E-08
  2009.5800     1.082E-08
  2009.6700     1.080E-08
  2009.7500     1.058E-08
  2009.8300     1.037E-08
  2009.9200     1.044E-08
  2010.0000     1.063E-08
  2010.0800     1.081E-08
  2010.1700     1.096E-08
  2010.2500     1.069E-08
  2010.3300     1.064E-08
  2010.4200     1.072E-08
  2010.5000     1.103E-08
  2010.5800     1.118E-08
  2010.6700     1.094E-08
  2010.7500     1.057E-08
  2010.8300     1.055E-08
  2010.9200     1.066E-08
  2011.0000     1.092E-08
  2011.0800     1.108E-08
  2011.1700     1.105E-08

       Time         IMF1          IMF2          IMF3          IMF4          IMF5          IMF6      Residual
  1990.0800    8.728E-11     8.577E-11    -8.124E-11    -2.511E-12     3.103E-10    -3.328E-12     1.077E-08
  1990.1700    2.243E-10     2.748E-11    -1.009E-10     1.130E-11     2.992E-10    -1.671E-12     1.078E-08
  1990.2500    2.737E-10    -4.189E-11    -1.125E-10     2.370E-11     2.879E-10    -3.312E-14     1.078E-08
  1990.3300    2.815E-11    -1.002E-10    -1.169E-10     3.472E-11     2.766E-10     1.585E-12     1.078E-08
  1990.4200   -2.881E-10    -1.255E-10    -1.152E-10     4.437E-11     2.653E-10     3.184E-12     1.078E-08
  1990.5000   -1.167E-10    -1.007E-10    -1.083E-10     5.267E-11     2.538E-10     4.763E-12     1.078E-08
  1990.5800   -3.936E-12    -3.614E-11    -9.732E-11     5.964E-11     2.424E-10     6.324E-12     1.078E-08
  1990.6700    2.482E-10     3.107E-11    -8.320E-11     6.532E-11     2.309E-10     7.866E-12     1.078E-08
  1990.7500    2.047E-10     7.441E-11    -6.697E-11     6.971E-11     2.194E-10     9.389E-12     1.078E-08
  1990.8300   -1.293E-10     9.013E-11    -4.964E-11     7.285E-11     2.079E-10     1.089E-11     1.078E-08
  1990.9200   -2.485E-10     9.290E-11    -3.226E-11     7.474E-11     1.963E-10     1.238E-11     1.078E-08
  1991.0000   -2.273E-10     9.239E-11    -1.566E-11     7.542E-11     1.848E-10     1.385E-11     1.078E-08
  1991.0800    4.198E-11     7.205E-11     2.415E-13     7.491E-11     1.733E-10     1.530E-11     1.078E-08
  1991.1700    3.090E-10     1.888E-11     1.608E-11     7.322E-11     1.618E-10     1.674E-11     1.078E-08
  1991.2500   -8.741E-11    -6.387E-11     3.241E-11     7.038E-11     1.503E-10     1.816E-11     1.078E-08
  1991.3300   -2.782E-10    -1.318E-10     4.907E-11     6.641E-11     1.388E-10     1.956E-11     1.078E-08
  1991.4200   -2.054E-10    -1.397E-10     6.565E-11     6.135E-11     1.274E-10     2.095E-11     1.078E-08
  1991.5000   -6.175E-11    -8.346E-11     8.120E-11     5.527E-11     1.161E-10     2.232E-11     1.078E-08
  1991.5800    1.239E-10    -5.009E-12     9.397E-11     4.826E-11     1.048E-10     2.367E-11     1.078E-08
  1991.6700    2.487E-10     4.816E-11     1.020E-10     4.045E-11     9.354E-11     2.501E-11     1.078E-08
  1991.7500    6.714E-11     4.765E-11     1.034E-10     3.200E-11     8.239E-11     2.633E-11     1.078E-08
  1991.8300   -1.986E-10     2.284E-11     9.678E-11     2.308E-11     7.131E-11     2.764E-11     1.078E-08
  1991.9200   -1.572E-10     2.557E-11     8.093E-11     1.391E-11     6.033E-11     2.893E-11     1.078E-08
  1992.0000   -1.551E-10     7.827E-11     5.576E-11     4.737E-12     4.945E-11     3.021E-11     1.078E-08
  1992.0800    8.462E-11     1.133E-10     2.406E-11    -4.187E-12     3.867E-11     3.147E-11     1.078E-08
  1992.1700    2.783E-10     7.844E-11    -1.023E-11    -1.260E-11     2.801E-11     3.272E-11     1.078E-08
  1992.2500   -8.911E-11    -3.027E-11    -4.279E-11    -2.024E-11     1.747E-11     3.396E-11     1.078E-08
  1992.3300   -2.608E-10    -1.347E-10    -6.866E-11    -2.686E-11     7.069E-12     3.518E-11     1.079E-08
  1992.4200   -1.455E-10    -1.581E-10    -8.303E-11    -3.220E-11    -3.194E-12     3.639E-11     1.079E-08
  1992.5000    1.607E-11    -1.039E-10    -8.305E-11    -3.602E-11    -1.331E-11     3.758E-11     1.079E-08
  1992.5800    1.545E-10    -2.450E-11    -6.946E-11    -3.823E-11    -2.327E-11     3.876E-11     1.079E-08
  1992.6700    1.926E-10     2.427E-11    -4.502E-11    -3.885E-11    -3.306E-11     3.993E-11     1.079E-08
  1992.7500   -1.270E-10     2.765E-11    -1.497E-11    -3.793E-11    -4.268E-11     4.109E-11     1.079E-08
  1992.8300   -1.184E-10     3.303E-11     1.271E-11    -3.557E-11    -5.213E-11     4.223E-11     1.079E-08
  1992.9200   -1.196E-10     8.419E-11     3.075E-11    -3.189E-11    -6.139E-11     4.337E-11     1.079E-08
  1993.0000   -1.777E-11     1.362E-10     3.713E-11    -2.706E-11    -7.045E-11     4.449E-11     1.079E-08
  1993.0800    1.759E-10     1.263E-10     3.252E-11    -2.129E-11    -7.932E-11     4.560E-11     1.079E-08
  1993.1700    1.107E-10     2.922E-11     1.939E-11    -1.488E-11    -8.799E-11     4.670E-11     1.079E-08
  1993.2500   -1.840E-10    -9.396E-11     3.094E-12    -8.121E-12    -9.645E-11     4.779E-11     1.079E-08
  1993.3300   -1.073E-10    -1.541E-10    -1.038E-11    -1.321E-12    -1.047E-10     4.886E-11     1.079E-08
  1993.4200   -3.133E-11    -1.271E-10    -1.613E-11     5.214E-12    -1.127E-10     4.993E-11     1.079E-08
  1993.5000    7.700E-11    -5.725E-11    -1.342E-11     1.123E-11    -1.206E-10     5.099E-11     1.079E-08
  1993.5800    1.798E-10     3.500E-12    -3.557E-12     1.654E-11    -1.282E-10     5.204E-11     1.079E-08
  1993.6700    1.007E-10     2.756E-11     1.095E-11     2.103E-11    -1.355E-10     5.307E-11     1.079E-08
  1993.7500   -1.542E-10     3.054E-11     2.564E-11     2.465E-11    -1.427E-10     5.410E-11     1.079E-08
  1993.8300   -1.845E-10     4.564E-11     3.560E-11     2.733E-11    -1.497E-10     5.512E-11     1.079E-08
  1993.9200   -7.424E-11     8.188E-11     3.724E-11     2.906E-11    -1.565E-10     5.613E-11     1.079E-08
  1994.0000    1.122E-10     1.038E-10     3.000E-11     2.985E-11    -1.630E-10     5.713E-11     1.079E-08
  1994.0800    2.336E-10     7.566E-11     1.521E-11     2.976E-11    -1.694E-10     5.812E-11     1.079E-08
  1994.1700    2.450E-11    -5.078E-12    -3.755E-12     2.885E-11    -1.756E-10     5.911E-11     1.079E-08
  1994.2500   -1.973E-10    -8.718E-11    -2.225E-11     2.719E-11    -1.815E-10     6.008E-11     1.079E-08
  1994.3300   -1.462E-10    -1.130E-10    -3.538E-11     2.488E-11    -1.873E-10     6.105E-11     1.079E-08
  1994.4200   -5.519E-11    -6.676E-11    -3.907E-11     2.199E-11    -1.929E-10     6.201E-11     1.079E-08
  1994.5000    7.424E-11     4.975E-12    -3.245E-11     1.860E-11    -1.984E-10     6.297E-11     1.079E-08
  1994.5800    1.418E-10     4.054E-11    -1.608E-11     1.481E-11    -2.036E-10     6.391E-11     1.079E-08
  1994.6700    5.574E-11     1.052E-11     6.910E-12     1.069E-11    -2.086E-10     6.485E-11     1.079E-08
  1994.7500   -1.454E-10    -3.325E-11     2.907E-11     6.381E-12    -2.134E-10     6.578E-11     1.079E-08
  1994.8300   -4.552E-12    -1.672E-11     4.272E-11     1.977E-12    -2.181E-10     6.670E-11     1.079E-08
  1994.9200   -8.886E-11     6.863E-11     4.406E-11    -2.397E-12    -2.225E-10     6.762E-11     1.079E-08
  1995.0000    7.478E-11     1.263E-10     3.300E-11    -6.593E-12    -2.266E-10     6.852E-11     1.079E-08
  1995.0800    1.846E-10     9.673E-11     1.165E-11    -1.045E-11    -2.306E-10     6.942E-11     1.079E-08
  1995.1700   -7.867E-11    -1.580E-11    -1.395E-11    -1.380E-11    -2.343E-10     7.031E-11     1.079E-08
  1995.2500   -2.019E-10    -1.199E-10    -3.600E-11    -1.648E-11    -2.377E-10     7.120E-11     1.079E-08
  1995.3300   -1.686E-11    -1.335E-10    -4.753E-11    -1.835E-11    -2.409E-10     7.207E-11     1.079E-08
  1995.4200    1.794E-11    -7.108E-11    -4.637E-11    -1.933E-11    -2.438E-10     7.294E-11     1.079E-08
  1995.5000    1.482E-10    -3.755E-12    -3.458E-11    -1.946E-11    -2.464E-10     7.380E-11     1.079E-08
  1995.5800    1.460E-10     2.703E-11    -1.578E-11    -1.885E-11    -2.487E-10     7.465E-11     1.079E-08
  1995.6700    2.270E-12     2.286E-11     5.052E-12    -1.764E-11    -2.508E-10     7.549E-11     1.079E-08
  1995.7500   -1.708E-10     2.267E-11     2.160E-11    -1.598E-11    -2.524E-10     7.632E-11     1.079E-08
  1995.8300   -5.773E-11     5.256E-11     2.859E-11    -1.402E-11    -2.538E-10     7.714E-11     1.079E-08
  1995.9200    6.058E-11     8.976E-11     2.558E-11    -1.190E-11    -2.548E-10     7.795E-11     1.079E-08
  1996.0000    1.368E-10     8.687E-11     1.496E-11    -9.752E-12    -2.554E-10     7.874E-11     1.079E-08
  1996.0800    6.461E-11     1.921E-11     5.005E-13    -7.686E-12    -2.557E-10     7.953E-11     1.079E-08
  1996.1700   -1.316E-10    -7.002E-11    -1.324E-11    -5.839E-12    -2.556E-10     8.030E-11     1.079E-08
  1996.2500   -7.695E-11    -1.114E-10    -2.189E-11    -4.320E-12    -2.552E-10     8.106E-11     1.079E-08
  1996.3300   -3.406E-11    -7.838E-11    -2.258E-11    -3.220E-12    -2.543E-10     8.181E-11     1.079E-08
  1996.4200    1.243E-11    -8.391E-12    -1.613E-11    -2.615E-12    -2.530E-10     8.254E-11     1.079E-08
  1996.5000    1.268E-10     4.113E-11    -4.700E-12    -2.557E-12    -2.514E-10     8.326E-11     1.079E-08
  1996.5800    1.265E-10     3.921E-11     8.998E-12    -3.061E-12    -2.493E-10     8.396E-11     1.079E-08
  1996.6700   -1.389E-10     8.530E-12     2.150E-11    -4.122E-12    -2.467E-10     8.465E-11     1.079E-08
  1996.7500   -1.639E-10    -1.462E-13     2.928E-11    -5.723E-12    -2.437E-10     8.532E-11     1.079E-08
  1996.8300   -6.887E-11     3.284E-11     3.015E-11    -7.822E-12    -2.403E-10     8.597E-11     1.079E-08
  1996.9200    8.548E-11     7.018E-11     2.476E-11    -1.033E-11    -2.364E-10     8.660E-11     1.079E-08
  1997.0000    2.100E-10     6.279E-11     1.488E-11    -1.314E-11    -2.320E-10     8.721E-11     1.079E-08
  1997.0800    5.207E-11    -7.245E-12     2.919E-12    -1.614E-11    -2.271E-10     8.781E-11     1.079E-08
  1997.1700   -1.896E-10    -8.783E-11    -8.135E-12    -1.920E-11    -2.217E-10     8.838E-11     1.079E-08
  1997.2500   -9.717E-11    -1.120E-10    -1.549E-11    -2.219E-11    -2.158E-10     8.893E-11     1.079E-08
  1997.3300   -6.155E-11    -6.200E-11    -1.769E-11    -2.496E-11    -2.094E-10     8.946E-11     1.079E-08
  1997.4200    6.444E-11     1.467E-11    -1.627E-11    -2.738E-11    -2.025E-10     8.996E-11     1.079E-08
  1997.5000    1.408E-10     6.719E-11    -1.360E-11    -2.929E-11    -1.950E-10     9.045E-11     1.079E-08
  1997.5800    9.928E-11     6.979E-11    -1.182E-11    -3.057E-11    -1.871E-10     9.091E-11     1.079E-08
  1997.6700   -1.437E-10     4.327E-11    -1.207E-11    -3.114E-11    -1.786E-10     9.134E-11     1.079E-08
  1997.7500   -1.320E-10     2.532E-11    -1.500E-11    -3.099E-11    -1.696E-10     9.175E-11     1.079E-08
  1997.8300   -2.315E-11     2.803E-11    -2.023E-11    -3.017E-11    -1.602E-10     9.213E-11     1.079E-08
  1997.9200    1.214E-10     2.434E-11    -2.514E-11    -2.881E-11    -1.502E-10     9.249E-11     1.079E-08
  1998.0000    1.886E-10    -1.586E-11    -2.680E-11    -2.702E-11    -1.398E-10     9.282E-11     1.079E-08
  1998.0800   -2.575E-11    -8.667E-11    -2.326E-11    -2.493E-11    -1.290E-10     9.312E-11     1.079E-08
  1998.1700   -1.932E-10    -1.393E-10    -1.375E-11    -2.266E-11    -1.178E-10     9.340E-11     1.079E-08
  1998.2500   -1.201E-10    -1.286E-10     1.568E-12    -2.037E-11    -1.061E-10     9.365E-11     1.079E-08
  1998.3300   -1.276E-11    -5.972E-11     2.055E-11    -1.817E-11    -9.412E-11     9.386E-11     1.079E-08
  1998.4200    1.677E-10     2.124E-11     3.978E-11    -1.621E-11    -8.179E-11     9.405E-11     1.079E-08
  1998.5000    1.894E-10     7.507E-11     5.561E-11    -1.459E-11    -6.917E-11     9.421E-11     1.079E-08
  1998.5800   -9.359E-11     9.212E-11     6.443E-11    -1.340E-11    -5.629E-11     9.434E-11     1.079E-08
  1998.6700   -1.977E-10     9.601E-11     6.316E-11    -1.271E-11    -4.319E-11     9.443E-11     1.078E-08
  1998.7500   -1.563E-10     1.060E-10     5.004E-11    -1.248E-11    -2.992E-11     9.450E-11     1.078E-08
  1998.8300    1.950E-11     1.029E-10     2.728E-11    -1.255E-11    -1.652E-11     9.453E-11     1.078E-08
  1998.9200    2.361E-10     5.603E-11    -5.664E-13    -1.271E-11    -3.046E-12     9.453E-11     1.078E-08
  1999.0000    1.456E-10    -4.108E-11    -2.854E-11    -1.273E-11     1.045E-11     9.449E-11     1.078E-08
  1999.0800   -2.241E-10    -1.339E-10    -5.177E-11    -1.239E-11     2.393E-11     9.442E-11     1.078E-08
  1999.1700   -9.264E-11    -1.553E-10    -6.567E-11    -1.148E-11     3.732E-11     9.432E-11     1.078E-08
  1999.2500    1.331E-11    -1.012E-10    -6.757E-11    -9.868E-12     5.058E-11     9.418E-11     1.078E-08
  1999.3300    4.316E-11    -1.549E-11    -5.885E-11    -7.537E-12     6.365E-11     9.401E-11     1.078E-08
  1999.4200    1.816E-10     4.196E-11    -4.231E-11    -4.580E-12     7.648E-11     9.380E-11     1.078E-08
  1999.5000    1.344E-10     4.931E-11    -2.123E-11    -1.116E-12     8.901E-11     9.355E-11     1.078E-08
  1999.5800   -1.626E-10     2.995E-11     3.364E-13     2.728E-12     1.012E-10     9.326E-11     1.078E-08
  1999.6700   -1.845E-10     2.218E-11     1.833E-11     6.808E-12     1.130E-10     9.294E-11     1.078E-08
  1999.7500   -3.268E-11     3.916E-11     3.013E-11     1.094E-11     1.244E-10     9.258E-11     1.078E-08
  1999.8300    5.929E-11     5.912E-11     3.565E-11     1.488E-11     1.353E-10     9.217E-11     1.078E-08
  1999.9200    2.496E-10     4.142E-11     3.611E-11     1.834E-11     1.456E-10     9.173E-11     1.078E-08
  2000.0000    2.894E-12    -2.052E-11     3.361E-11     2.102E-11     1.554E-10     9.125E-11     1.078E-08
  2000.0800   -2.294E-10    -8.344E-11     3.061E-11     2.265E-11     1.645E-10     9.073E-11     1.078E-08
  2000.1700   -1.784E-10    -1.008E-10     2.916E-11     2.306E-11     1.730E-10     9.016E-11     1.078E-08
  2000.2500   -6.304E-11    -6.443E-11     3.015E-11     2.220E-11     1.808E-10     8.956E-11     1.078E-08
  2000.3300    1.462E-10    -8.281E-12     3.263E-11     2.018E-11     1.879E-10     8.891E-11     1.078E-08
  2000.4200    2.247E-10     3.042E-11     3.516E-11     1.725E-11     1.941E-10     8.822E-11     1.078E-08
  2000.5000    8.549E-11     3.575E-11     3.544E-11     1.373E-11     1.996E-10     8.748E-11     1.078E-08
  2000.5800   -2.208E-10     3.056E-11     3.026E-11     9.970E-12     2.042E-10     8.670E-11     1.078E-08
  2000.6700   -1.503E-10     4.816E-11     1.687E-11     6.305E-12     2.080E-10     8.587E-11     1.078E-08
  2000.7500   -1.506E-11     9.370E-11    -4.714E-12     3.065E-12     2.109E-10     8.500E-11     1.078E-08
  2000.8300    7.256E-11     1.242E-10    -3.088E-11     5.540E-13     2.130E-10     8.409E-11     1.078E-08
  2000.9200    2.152E-10     7.339E-11    -5.680E-11    -9.617E-13     2.141E-10     8.313E-11     1.077E-08
  2001.0000    4.873E-11    -5.952E-11    -7.736E-11    -1.238E-12     2.144E-10     8.212E-11     1.077E-08
  2001.0800   -2.135E-10    -1.868E-10    -8.714E-11    -5.957E-14     2.137E-10     8.107E-11     1.077E-08
  2001.1700   -5.533E-11    -2.118E-10    -8.116E-11     2.702E-12     2.121E-10     7.997E-11     1.077E-08
  2001.2500   -5.136E-11    -1.240E-10    -5.793E-11     6.920E-12     2.096E-10     7.883E-11     1.077E-08
  2001.3300    1.364E-10    -2.322E-13    -2.294E-11     1.218E-11     2.063E-10     7.765E-11     1.077E-08
  2001.4200    2.187E-10     8.830E-11     1.651E-11     1.798E-11     2.020E-10     7.642E-11     1.077E-08
  2001.5000   -4.623E-11     1.111E-10     5.261E-11     2.379E-11     1.969E-10     7.515E-11     1.077E-08
  2001.5800   -1.705E-10     1.078E-10     7.722E-11     2.909E-11     1.910E-10     7.384E-11     1.077E-08
  2001.6700   -2.342E-10     1.173E-10     8.444E-11     3.336E-11     1.842E-10     7.249E-11     1.077E-08
  2001.7500    9.209E-11     1.162E-10     7.457E-11     3.626E-11     1.768E-10     7.110E-11     1.077E-08
  2001.8300    2.622E-10     7.658E-11     5.185E-11     3.768E-11     1.685E-10     6.968E-11     1.077E-08
  2001.9200    2.270E-10    -1.833E-11     2.196E-11     3.764E-11     1.597E-10     6.821E-11     1.077E-08
  2002.0000   -1.971E-10    -1.236E-10    -8.410E-12     3.618E-11     1.501E-10     6.671E-11     1.077E-08
  2002.0800   -2.530E-10    -1.662E-10    -3.248E-11     3.336E-11     1.401E-10     6.517E-11     1.077E-08
  2002.1700   -1.636E-10    -1.109E-10    -4.462E-11     2.927E-11     1.295E-10     6.359E-11     1.077E-08
  2002.2500   -7.974E-12    -7.321E-12    -4.398E-11     2.405E-11     1.185E-10     6.199E-11     1.077E-08
  2002.3300    2.248E-10     6.460E-11    -3.172E-11     1.792E-11     1.071E-10     6.034E-11     1.077E-08
  2002.4200   -5.357E-11     5.648E-11    -1.091E-11     1.120E-11     9.539E-11     5.867E-11     1.077E-08
  2002.5000   -1.470E-10     1.368E-11     1.055E-11     4.281E-12     8.345E-11     5.697E-11     1.076E-08
  2002.5800   -2.503E-11     8.594E-13     2.388E-11    -2.416E-12     7.132E-11     5.523E-11     1.076E-08
  2002.6700   -5.634E-11     4.848E-11     2.370E-11    -8.549E-12     5.909E-11     5.347E-11     1.076E-08
  2002.7500    3.937E-11     9.042E-11     1.230E-11    -1.394E-11     4.683E-11     5.168E-11     1.076E-08
  2002.8300    1.672E-10     6.686E-11    -5.615E-12    -1.858E-11     3.459E-11     4.986E-11     1.076E-08
  2002.9200   -1.609E-11    -2.902E-11    -2.412E-11    -2.254E-11     2.245E-11     4.801E-11     1.076E-08
  2003.0000   -1.727E-10    -1.251E-10    -3.674E-11    -2.591E-11     1.047E-11     4.614E-11     1.076E-08
  2003.0800   -1.398E-10    -1.414E-10    -3.746E-11    -2.879E-11    -1.269E-12     4.424E-11     1.076E-08
  2003.1700   -4.111E-11    -6.645E-11    -2.418E-11    -3.128E-11    -1.272E-11     4.232E-11     1.076E-08
  2003.2500    1.397E-10     3.430E-11    -2.060E-12    -3.345E-11    -2.381E-11     4.038E-11     1.076E-08
  2003.3300    1.645E-10     8.845E-11     2.179E-11    -3.535E-11    -3.450E-11     3.841E-11     1.076E-08
  2003.4200   -5.631E-11     6.948E-11     4.073E-11    -3.699E-11    -4.474E-11     3.643E-11     1.076E-08
  2003.5000   -4.371E-11     2.283E-11     5.023E-11    -3.840E-11    -5.449E-11     3.442E-11     1.076E-08
  2003.5800   -1.295E-10     1.583E-11     4.698E-11    -3.959E-11    -6.373E-11     3.240E-11     1.076E-08
  2003.6700   -1.080E-10     4.670E-11     3.110E-11    -4.047E-11    -7.242E-11     3.035E-11     1.076E-08
  2003.7500    1.589E-10     6.291E-11     7.964E-12    -4.091E-11    -8.056E-11     2.829E-11     1.075E-08
  2003.8300    1.339E-10     2.357E-11    -1.584E-11    -4.078E-11    -8.813E-11     2.622E-11     1.075E-08
  2003.9200   -3.574E-11    -5.148E-11    -3.533E-11    -3.994E-11    -9.512E-11     2.412E-11     1.075E-08
  2004.0000   -2.152E-10    -1.059E-10    -4.691E-11    -3.827E-11    -1.016E-10     2.202E-11     1.075E-08
  2004.0800   -9.413E-11    -9.725E-11    -4.792E-11    -3.567E-11    -1.074E-10     1.990E-11     1.075E-08
  2004.1700    8.187E-11    -4.495E-11    -3.881E-11    -3.219E-11    -1.128E-10     1.777E-11     1.075E-08
  2004.2500    1.877E-10     5.485E-12    -2.182E-11    -2.798E-11    -1.176E-10     1.563E-11     1.075E-08
  2004.3300    1.307E-10     1.875E-11    -2.743E-13    -2.328E-11    -1.219E-10     1.348E-11     1.075E-08
  2004.4200   -1.601E-10     1.100E-11     2.081E-11    -1.832E-11    -1.257E-10     1.132E-11     1.075E-08
  2004.5000   -1.162E-10     1.985E-11     3.623E-11    -1.334E-11    -1.291E-10     9.163E-12     1.075E-08
  2004.5800   -3.996E-11     5.741E-11     4.257E-11    -8.524E-12    -1.321E-10     7.003E-12     1.075E-08
  2004.6700    7.305E-11     8.779E-11     3.949E-11    -4.045E-12    -1.347E-10     4.843E-12     1.075E-08
  2004.7500    1.226E-10     6.898E-11     2.824E-11    -3.369E-14    -1.370E-10     2.687E-12     1.075E-08
  2004.8300    4.593E-11    -6.500E-12     1.177E-11     3.408E-12    -1.390E-10     5.377E-13     1.075E-08
  2004.9200   -1.060E-10    -8.911E-11    -5.674E-12     6.189E-12    -1.407E-10    -1.603E-12     1.074E-08
  2005.0000   -6.151E-11    -1.155E-10    -1.962E-11     8.234E-12    -1.421E-10    -3.731E-12     1.074E-08
  2005.0800   -5.161E-11    -6.297E-11    -2.652E-11     9.502E-12    -1.434E-10    -5.844E-12     1.074E-08
  2005.1700    2.521E-11     2.279E-11    -2.578E-11     9.987E-12    -1.445E-10    -7.939E-12     1.074E-08
  2005.2500    1.381E-10     7.285E-11    -1.788E-11     9.747E-12    -1.454E-10    -1.001E-11     1.074E-08
  2005.3300    2.358E-11     4.587E-11    -4.545E-12     8.894E-12    -1.463E-10    -1.206E-11     1.074E-08
  2005.4200   -1.341E-10    -1.677E-11     1.012E-11     7.583E-12    -1.470E-10    -1.408E-11     1.074E-08
  2005.5000   -7.140E-11    -3.835E-11     2.166E-11     5.978E-12    -1.477E-10    -1.607E-11     1.074E-08
  2005.5800   -1.057E-10     1.617E-11     2.676E-11     4.238E-12    -1.483E-10    -1.803E-11     1.074E-08
  2005.6700    1.164E-10     8.400E-11     2.456E-11     2.493E-12    -1.489E-10    -1.995E-11     1.074E-08
  2005.7500    1.676E-10     9.682E-11     1.519E-11     8.535E-13    -1.495E-10    -2.183E-11     1.074E-08
  2005.8300    7.583E-11     3.356E-11     1.392E-13    -5.612E-13    -1.501E-10    -2.366E-11     1.074E-08
  2005.9200   -1.451E-10    -5.469E-11    -1.650E-11    -1.647E-12    -1.507E-10    -2.545E-11     1.073E-08
  2006.0000   -1.719E-10    -1.033E-10    -2.996E-11    -2.300E-12    -1.513E-10    -2.719E-11     1.073E-08
  2006.0800   -6.044E-11    -8.638E-11    -3.610E-11    -2.415E-12    -1.518E-10    -2.888E-11     1.073E-08
  2006.1700    9.599E-11    -3.722E-11    -3.356E-11    -1.934E-12    -1.524E-10    -3.052E-11     1.073E-08
  2006.2500    1.689E-10    -7.269E-14    -2.244E-11    -8.986E-13    -1.530E-10    -3.210E-11     1.073E-08
  2006.3300   -1.737E-11     4.570E-12    -4.817E-12     5.718E-13    -1.536E-10    -3.362E-11     1.073E-08
  2006.4200   -1.243E-10    -7.474E-13     1.411E-11     2.326E-12    -1.542E-10    -3.508E-11     1.073E-08
  2006.5000   -8.022E-11     1.884E-11     2.868E-11     4.202E-12    -1.547E-10    -3.648E-11     1.073E-08
  2006.5800   -4.602E-11     6.600E-11     3.513E-11     6.007E-12    -1.552E-10    -3.782E-11     1.073E-08
  2006.6700    1.354E-10     9.262E-11     3.198E-11     7.526E-12    -1.557E-10    -3.909E-11     1.073E-08
  2006.7500    9.626E-11     5.507E-11     1.953E-11     8.547E-12    -1.560E-10    -4.030E-11     1.073E-08
  2006.8300   -3.999E-11    -2.844E-11     2.222E-12     8.887E-12    -1.563E-10    -4.144E-11     1.072E-08
  2006.9200   -1.334E-10    -9.723E-11    -1.377E-11     8.379E-12    -1.565E-10    -4.251E-11     1.072E-08
  2007.0000   -1.026E-10    -9.907E-11    -2.267E-11     6.882E-12    -1.566E-10    -4.352E-11     1.072E-08
  2007.0800    1.795E-11    -4.398E-11    -2.161E-11     4.348E-12    -1.566E-10    -4.446E-11     1.072E-08
  2007.1700    9.878E-11     1.518E-11    -1.052E-11     8.823E-13    -1.564E-10    -4.533E-11     1.072E-08
  2007.2500    1.306E-10     2.869E-11     8.489E-12    -3.286E-12    -1.560E-10    -4.613E-11     1.072E-08
  2007.3300   -1.272E-10     7.258E-12     2.862E-11    -7.871E-12    -1.555E-10    -4.685E-11     1.072E-08
  2007.4200   -8.423E-11     8.307E-12     4.073E-11    -1.258E-11    -1.547E-10    -4.751E-11     1.072E-08
  2007.5000    9.589E-12     5.583E-11     3.901E-11    -1.713E-11    -1.538E-10    -4.809E-11     1.072E-08
  2007.5800    2.034E-11     1.104E-10     2.373E-11    -2.125E-11    -1.526E-10    -4.861E-11     1.072E-08
  2007.6700    1.452E-10     9.545E-11    -2.311E-12    -2.469E-11    -1.511E-10    -4.905E-11     1.071E-08
  2007.7500    1.115E-10    -2.573E-12    -3.311E-11    -2.721E-11    -1.494E-10    -4.941E-11     1.071E-08
  2007.8300   -1.729E-10    -1.165E-10    -5.992E-11    -2.859E-11    -1.475E-10    -4.970E-11     1.071E-08
  2007.9200   -1.218E-10    -1.545E-10    -7.373E-11    -2.861E-11    -1.452E-10    -4.991E-11     1.071E-08
  2008.0000    1.370E-11    -1.018E-10    -6.871E-11    -2.716E-11    -1.427E-10    -5.005E-11     1.071E-08
  2008.0800    5.749E-11    -8.495E-12    -4.788E-11    -2.442E-11    -1.399E-10    -5.011E-11     1.071E-08
  2008.1700    1.658E-10     5.517E-11    -1.690E-11    -2.074E-11    -1.367E-10    -5.010E-11     1.071E-08
  2008.2500    4.278E-11     5.720E-11     1.792E-11    -1.651E-11    -1.333E-10    -5.001E-11     1.071E-08
  2008.3300   -1.079E-10     3.110E-11     4.866E-11    -1.210E-11    -1.295E-10    -4.984E-11     1.071E-08
  2008.4200   -1.196E-10     2.764E-11     6.730E-11    -7.902E-12    -1.254E-10    -4.959E-11     1.070E-08
  2008.5000   -2.122E-11     5.844E-11     6.963E-11    -4.229E-12    -1.209E-10    -4.926E-11     1.070E-08
  2008.5800    5.957E-11     8.434E-11     5.783E-11    -1.217E-12    -1.162E-10    -4.885E-11     1.070E-08
  2008.6700    1.652E-10     5.438E-11     3.642E-11     1.132E-12    -1.110E-10    -4.836E-11     1.070E-08
  2008.7500   -3.324E-11    -3.132E-11     1.111E-11     2.862E-12    -1.056E-10    -4.778E-11     1.070E-08
  2008.8300   -1.549E-10    -1.075E-10    -1.254E-11     4.024E-12    -9.986E-11    -4.713E-11     1.070E-08
  2008.9200   -6.925E-11    -1.137E-10    -2.960E-11     4.681E-12    -9.380E-11    -4.639E-11     1.070E-08
  2009.0000   -1.681E-11    -5.300E-11    -3.781E-11     4.938E-12    -8.745E-11    -4.557E-11     1.070E-08
  2009.0800    1.024E-10     1.771E-11    -3.829E-11     4.961E-12    -8.081E-11    -4.467E-11     1.070E-08
  2009.1700    1.692E-10     5.054E-11    -3.318E-11     4.973E-12    -7.389E-11    -4.368E-11     1.069E-08
  2009.2500   -4.641E-11     3.502E-11    -2.524E-11     5.221E-12    -6.672E-11    -4.260E-11     1.069E-08
  2009.3300   -1.369E-10     9.077E-12    -1.777E-11     5.956E-12    -5.929E-11    -4.144E-11     1.069E-08
  2009.4200   -1.523E-10     1.345E-11    -1.369E-11     7.395E-12    -5.163E-11    -4.020E-11     1.069E-08
  2009.5000    4.485E-11     4.150E-11    -1.383E-11     9.646E-12    -4.375E-11    -3.886E-11     1.069E-08
  2009.5800    1.564E-10     5.723E-11    -1.744E-11     1.270E-11    -3.565E-11    -3.744E-11     1.069E-08
  2009.6700    1.599E-10     2.860E-11    -2.308E-11     1.647E-11    -2.734E-11    -3.593E-11     1.069E-08
  2009.7500   -2.844E-12    -3.587E-11    -2.858E-11     2.077E-11    -1.885E-11    -3.433E-11     1.069E-08
  2009.8300   -1.799E-10    -9.195E-11    -3.155E-11     2.544E-11    -1.019E-11    -3.264E-11     1.069E-08
  2009.9200   -1.169E-10    -9.564E-11    -2.994E-11     3.029E-11    -1.352E-12    -3.086E-11     1.068E-08
  2010.0000   -3.142E-12    -4.683E-11    -2.327E-11     3.516E-11     7.635E-12    -2.899E-11     1.068E-08
  2010.0800    1.089E-10     1.348E-11    -1.239E-11     3.987E-11     1.676E-11    -2.703E-11     1.068E-08
  2010.1700    1.898E-10     4.253E-11     1.297E-12     4.428E-11     2.602E-11    -2.498E-11     1.068E-08
  2010.2500   -1.123E-10     3.450E-11     1.594E-11     4.823E-11     3.540E-11    -2.283E-11     1.068E-08
  2010.3300   -1.759E-10     2.903E-11     2.936E-11     5.156E-11     4.488E-11    -2.059E-11     1.068E-08
  2010.4200   -1.375E-10     5.447E-11     3.968E-11     5.411E-11     5.446E-11    -1.825E-11     1.068E-08
  2010.5000    1.172E-10     8.392E-11     4.644E-11     5.572E-11     6.412E-11    -1.582E-11     1.068E-08
  2010.5800    2.507E-10     8.548E-11     4.974E-11     5.624E-11     7.386E-11    -1.330E-11     1.067E-08
  2010.6700    4.080E-11     4.405E-11     4.976E-11     5.551E-11     8.365E-11    -1.068E-11     1.067E-08
  2010.7500   -2.723E-10    -1.674E-11     4.661E-11     5.337E-11     9.349E-11    -7.962E-12     1.067E-08
  2010.8300   -2.443E-10    -6.496E-11     4.036E-11     4.966E-11     1.034E-10    -5.148E-12     1.067E-08
  2010.9200   -1.008E-10    -8.155E-11     3.107E-11     4.423E-11     1.133E-10    -2.235E-12     1.067E-08
  2011.0000    1.500E-10    -7.015E-11     1.882E-11     3.692E-11     1.232E-10     7.756E-13     1.067E-08
  2011.0800    2.822E-10    -4.095E-11     3.668E-12     2.757E-11     1.331E-10     3.886E-12     1.067E-08
  2011.1700    2.413E-10    -4.574E-12    -1.431E-11     1.603E-11     1.430E-10     7.096E-12     1.067E-08

       Time         Err1          Err2          Err3          Err4          Err5          Err6          Err7
  1990.0800    2.485E-10     1.836E-10     1.473E-10     1.745E-10     2.329E-10     6.369E-11     2.450E-10
  1990.1700    2.322E-10     1.670E-10     1.233E-10     1.623E-10     2.224E-10     6.153E-11     2.431E-10
  1990.2500    1.323E-10     1.325E-10     1.166E-10     1.529E-10     2.126E-10     6.023E-11     2.412E-10
  1990.3300    1.088E-10     1.151E-10     1.175E-10     1.457E-10     2.034E-10     5.981E-11     2.394E-10
  1990.4200    1.006E-10     1.333E-10     1.192E-10     1.401E-10     1.948E-10     6.022E-11     2.375E-10
  1990.5000    1.463E-10     1.366E-10     1.190E-10     1.357E-10     1.869E-10     6.141E-11     2.357E-10
  1990.5800    1.337E-10     1.280E-10     1.167E-10     1.320E-10     1.796E-10     6.328E-11     2.340E-10
  1990.6700    1.165E-10     1.256E-10     1.125E-10     1.289E-10     1.729E-10     6.573E-11     2.322E-10
  1990.7500    1.086E-10     1.045E-10     1.071E-10     1.263E-10     1.667E-10     6.867E-11     2.305E-10
  1990.8300    1.034E-10     1.084E-10     1.007E-10     1.239E-10     1.611E-10     7.199E-11     2.288E-10
  1990.9200    1.364E-10     1.341E-10     9.357E-11     1.219E-10     1.560E-10     7.562E-11     2.271E-10
  1991.0000    1.117E-10     1.129E-10     8.702E-11     1.201E-10     1.514E-10     7.948E-11     2.254E-10
  1991.0800    1.014E-10     9.807E-11     8.415E-11     1.185E-10     1.473E-10     8.352E-11     2.238E-10
  1991.1700    7.371E-11     1.025E-10     8.630E-11     1.171E-10     1.437E-10     8.768E-11     2.221E-10
  1991.2500    1.045E-10     7.704E-11     9.086E-11     1.159E-10     1.405E-10     9.192E-11     2.205E-10
  1991.3300    9.189E-11     6.846E-11     9.421E-11     1.146E-10     1.377E-10     9.621E-11     2.190E-10
  1991.4200    1.380E-10     8.080E-11     9.373E-11     1.134E-10     1.352E-10     1.005E-10     2.174E-10
  1991.5000    1.125E-10     9.927E-11     8.879E-11     1.120E-10     1.332E-10     1.048E-10     2.159E-10
  1991.5800    1.461E-10     1.329E-10     8.141E-11     1.104E-10     1.314E-10     1.091E-10     2.143E-10
  1991.6700    1.168E-10     1.251E-10     7.407E-11     1.088E-10     1.300E-10     1.134E-10     2.128E-10
  1991.7500    9.898E-11     7.250E-11     6.848E-11     1.070E-10     1.288E-10     1.176E-10     2.114E-10
  1991.8300    1.110E-10     1.284E-10     6.461E-11     1.053E-10     1.279E-10     1.218E-10     2.099E-10
  1991.9200    2.027E-10     1.637E-10     6.050E-11     1.038E-10     1.272E-10     1.259E-10     2.085E-10
  1992.0000    1.095E-10     1.047E-10     5.435E-11     1.025E-10     1.268E-10     1.300E-10     2.070E-10
  1992.0800    1.125E-10     8.155E-11     4.779E-11     1.015E-10     1.265E-10     1.340E-10     2.056E-10
  1992.1700    8.891E-11     1.020E-10     4.370E-11     1.008E-10     1.264E-10     1.379E-10     2.042E-10
  1992.2500    1.021E-10     7.283E-11     4.483E-11     1.003E-10     1.265E-10     1.417E-10     2.029E-10
  1992.3300    9.678E-11     6.083E-11     5.018E-11     9.994E-11     1.267E-10     1.454E-10     2.015E-10
  1992.4200    1.287E-10     7.676E-11     5.379E-11     9.952E-11     1.270E-10     1.491E-10     2.002E-10
  1992.5000    1.298E-10     1.126E-10     5.245E-11     9.891E-11     1.274E-10     1.526E-10     1.989E-10
  1992.5800    1.484E-10     1.419E-10     4.884E-11     9.811E-11     1.280E-10     1.561E-10     1.976E-10
  1992.6700    9.259E-11     1.054E-10     4.852E-11     9.718E-11     1.286E-10     1.595E-10     1.963E-10
  1992.7500    8.739E-11     8.209E-11     5.565E-11     9.620E-11     1.294E-10     1.628E-10     1.951E-10
  1992.8300    1.616E-10     1.465E-10     6.491E-11     9.526E-11     1.302E-10     1.660E-10     1.938E-10
  1992.9200    1.146E-10     1.312E-10     6.714E-11     9.438E-11     1.310E-10     1.691E-10     1.926E-10
  1993.0000    9.996E-11     8.294E-11     6.111E-11     9.359E-11     1.320E-10     1.721E-10     1.914E-10
  1993.0800    9.430E-11     7.303E-11     5.079E-11     9.292E-11     1.330E-10     1.750E-10     1.902E-10
  1993.1700    1.001E-10     6.024E-11     4.508E-11     9.239E-11     1.340E-10     1.778E-10     1.890E-10
  1993.2500    7.885E-11     6.028E-11     5.249E-11     9.196E-11     1.352E-10     1.806E-10     1.879E-10
  1993.3300    1.320E-10     6.475E-11     6.402E-11     9.158E-11     1.363E-10     1.832E-10     1.867E-10
  1993.4200    1.018E-10     7.621E-11     6.888E-11     9.118E-11     1.375E-10     1.857E-10     1.856E-10
  1993.5000    1.213E-10     1.205E-10     6.657E-11     9.074E-11     1.388E-10     1.881E-10     1.845E-10
  1993.5800    1.332E-10     1.328E-10     6.017E-11     9.030E-11     1.401E-10     1.905E-10     1.834E-10
  1993.6700    9.913E-11     9.107E-11     5.391E-11     8.996E-11     1.414E-10     1.927E-10     1.823E-10
  1993.7500    9.478E-11     9.282E-11     5.216E-11     8.976E-11     1.427E-10     1.948E-10     1.813E-10
  1993.8300    1.346E-10     1.245E-10     5.280E-11     8.972E-11     1.440E-10     1.969E-10     1.802E-10
  1993.9200    1.165E-10     1.033E-10     5.075E-11     8.981E-11     1.453E-10     1.988E-10     1.792E-10
  1994.0000    1.185E-10     8.547E-11     4.615E-11     9.000E-11     1.466E-10     2.007E-10     1.781E-10
  1994.0800    9.192E-11     7.827E-11     4.204E-11     9.028E-11     1.478E-10     2.024E-10     1.771E-10
  1994.1700    1.097E-10     5.256E-11     4.281E-11     9.064E-11     1.490E-10     2.040E-10     1.761E-10
  1994.2500    9.499E-11     6.333E-11     4.907E-11     9.103E-11     1.502E-10     2.056E-10     1.751E-10
  1994.3300    1.371E-10     7.853E-11     5.470E-11     9.139E-11     1.513E-10     2.070E-10     1.742E-10
  1994.4200    1.045E-10     8.344E-11     5.472E-11     9.164E-11     1.523E-10     2.084E-10     1.732E-10
  1994.5000    1.147E-10     1.095E-10     5.021E-11     9.173E-11     1.533E-10     2.096E-10     1.723E-10
  1994.5800    1.088E-10     1.047E-10     4.383E-11     9.168E-11     1.542E-10     2.108E-10     1.713E-10
  1994.6700    8.860E-11     6.389E-11     4.090E-11     9.155E-11     1.550E-10     2.119E-10     1.704E-10
  1994.7500    8.715E-11     1.068E-10     4.569E-11     9.139E-11     1.558E-10     2.128E-10     1.695E-10
  1994.8300    1.433E-10     1.246E-10     5.094E-11     9.122E-11     1.564E-10     2.137E-10     1.686E-10
  1994.9200    8.026E-11     8.312E-11     5.112E-11     9.105E-11     1.570E-10     2.145E-10     1.677E-10
  1995.0000    1.043E-10     6.163E-11     4.684E-11     9.087E-11     1.575E-10     2.152E-10     1.668E-10
  1995.0800    7.835E-11     6.083E-11     4.143E-11     9.068E-11     1.580E-10     2.158E-10     1.659E-10
  1995.1700    9.953E-11     4.819E-11     4.142E-11     9.046E-11     1.583E-10     2.163E-10     1.650E-10
  1995.2500    8.955E-11     6.220E-11     4.633E-11     9.016E-11     1.585E-10     2.167E-10     1.642E-10
  1995.3300    1.228E-10     5.863E-11     4.845E-11     8.973E-11     1.587E-10     2.171E-10     1.633E-10
  1995.4200    1.180E-10     9.040E-11     4.613E-11     8.917E-11     1.587E-10     2.173E-10     1.625E-10
  1995.5000    1.290E-10     1.199E-10     4.314E-11     8.856E-11     1.587E-10     2.175E-10     1.617E-10
  1995.5800    1.241E-10     9.649E-11     4.447E-11     8.801E-11     1.586E-10     2.176E-10     1.608E-10
  1995.6700    9.454E-11     7.427E-11     5.118E-11     8.762E-11     1.583E-10     2.176E-10     1.600E-10
  1995.7500    9.657E-11     1.133E-10     5.712E-11     8.742E-11     1.580E-10     2.175E-10     1.592E-10
  1995.8300    1.103E-10     1.133E-10     5.563E-11     8.736E-11     1.577E-10     2.173E-10     1.584E-10
  1995.9200    9.657E-11     8.770E-11     4.808E-11     8.742E-11     1.572E-10     2.171E-10     1.576E-10
  1996.0000    1.021E-10     7.499E-11     4.091E-11     8.752E-11     1.567E-10     2.168E-10     1.568E-10
  1996.0800    8.471E-11     5.858E-11     4.137E-11     8.764E-11     1.561E-10     2.164E-10     1.560E-10
  1996.1700    8.308E-11     6.580E-11     4.925E-11     8.771E-11     1.554E-10     2.160E-10     1.553E-10
  1996.2500    1.292E-10     7.279E-11     5.617E-11     8.768E-11     1.547E-10     2.155E-10     1.545E-10
  1996.3300    9.641E-11     6.627E-11     5.659E-11     8.752E-11     1.538E-10     2.149E-10     1.537E-10
  1996.4200    1.021E-10     8.939E-11     5.242E-11     8.720E-11     1.530E-10     2.143E-10     1.530E-10
  1996.5000    1.182E-10     1.082E-10     4.773E-11     8.677E-11     1.520E-10     2.136E-10     1.522E-10
  1996.5800    9.987E-11     8.210E-11     4.575E-11     8.626E-11     1.510E-10     2.128E-10     1.515E-10
  1996.6700    8.809E-11     7.917E-11     4.663E-11     8.567E-11     1.500E-10     2.120E-10     1.507E-10
  1996.7500    1.253E-10     1.074E-10     4.664E-11     8.501E-11     1.489E-10     2.111E-10     1.500E-10
  1996.8300    1.047E-10     9.414E-11     4.366E-11     8.424E-11     1.477E-10     2.102E-10     1.493E-10
  1996.9200    1.115E-10     8.726E-11     4.126E-11     8.335E-11     1.466E-10     2.093E-10     1.485E-10
  1997.0000    9.760E-11     8.887E-11     4.308E-11     8.235E-11     1.453E-10     2.082E-10     1.478E-10
  1997.0800    1.034E-10     5.956E-11     4.831E-11     8.125E-11     1.440E-10     2.072E-10     1.471E-10
  1997.1700    9.107E-11     6.786E-11     5.330E-11     8.007E-11     1.427E-10     2.061E-10     1.464E-10
  1997.2500    1.501E-10     7.812E-11     5.458E-11     7.885E-11     1.414E-10     2.050E-10     1.457E-10
  1997.3300    9.703E-11     6.346E-11     5.211E-11     7.767E-11     1.400E-10     2.038E-10     1.449E-10
  1997.4200    1.043E-10     8.653E-11     5.101E-11     7.659E-11     1.385E-10     2.026E-10     1.442E-10
  1997.5000    1.197E-10     9.927E-11     5.410E-11     7.563E-11     1.370E-10     2.014E-10     1.435E-10
  1997.5800    8.974E-11     7.952E-11     5.829E-11     7.475E-11     1.354E-10     2.001E-10     1.428E-10
  1997.6700    8.253E-11     9.640E-11     5.959E-11     7.387E-11     1.338E-10     1.989E-10     1.421E-10
  1997.7500    1.159E-10     1.115E-10     5.583E-11     7.293E-11     1.322E-10     1.976E-10     1.414E-10
  1997.8300    1.012E-10     9.612E-11     4.935E-11     7.195E-11     1.304E-10     1.962E-10     1.407E-10
  1997.9200    1.187E-10     1.090E-10     4.820E-11     7.097E-11     1.287E-10     1.949E-10     1.400E-10
  1998.0000    8.575E-11     1.111E-10     5.433E-11     7.004E-11     1.268E-10     1.935E-10     1.393E-10
  1998.0800    9.572E-11     7.498E-11     6.128E-11     6.915E-11     1.249E-10     1.921E-10     1.386E-10
  1998.1700    1.015E-10     6.587E-11     6.362E-11     6.828E-11     1.229E-10     1.907E-10     1.379E-10
  1998.2500    1.231E-10     7.105E-11     5.896E-11     6.738E-11     1.209E-10     1.893E-10     1.372E-10
  1998.3300    1.055E-10     8.183E-11     4.955E-11     6.639E-11     1.189E-10     1.878E-10     1.365E-10
  1998.4200    1.113E-10     1.028E-10     4.152E-11     6.523E-11     1.167E-10     1.864E-10     1.358E-10
  1998.5000    1.010E-10     8.745E-11     4.073E-11     6.381E-11     1.146E-10     1.849E-10     1.351E-10
  1998.5800    9.511E-11     8.878E-11     4.565E-11     6.205E-11     1.124E-10     1.835E-10     1.345E-10
  1998.6700    1.322E-10     1.292E-10     4.906E-11     5.992E-11     1.102E-10     1.820E-10     1.338E-10
  1998.7500    1.149E-10     1.122E-10     4.633E-11     5.751E-11     1.079E-10     1.805E-10     1.331E-10
  1998.8300    1.057E-10     7.997E-11     4.061E-11     5.513E-11     1.057E-10     1.790E-10     1.324E-10
  1998.9200    8.550E-11     8.640E-11     3.896E-11     5.309E-11     1.034E-10     1.775E-10     1.317E-10
  1999.0000    8.543E-11     6.925E-11     4.442E-11     5.157E-11     1.012E-10     1.760E-10     1.310E-10
  1999.0800    8.283E-11     6.156E-11     5.237E-11     5.055E-11     9.896E-11     1.745E-10     1.303E-10
  1999.1700    1.280E-10     6.294E-11     5.695E-11     4.982E-11     9.678E-11     1.730E-10     1.296E-10
  1999.2500    9.943E-11     7.183E-11     5.648E-11     4.905E-11     9.464E-11     1.715E-10     1.289E-10
  1999.3300    1.223E-10     1.112E-10     5.443E-11     4.806E-11     9.256E-11     1.699E-10     1.282E-10
  1999.4200    1.189E-10     1.168E-10     5.440E-11     4.682E-11     9.054E-11     1.684E-10     1.275E-10
  1999.5000    1.031E-10     7.710E-11     5.719E-11     4.543E-11     8.858E-11     1.669E-10     1.268E-10
  1999.5800    9.077E-11     8.796E-11     6.103E-11     4.408E-11     8.671E-11     1.654E-10     1.261E-10
  1999.6700    1.123E-10     1.169E-10     6.252E-11     4.303E-11     8.491E-11     1.639E-10     1.254E-10
  1999.7500    1.200E-10     1.031E-10     6.106E-11     4.254E-11     8.320E-11     1.623E-10     1.247E-10
  1999.8300    1.262E-10     9.531E-11     6.100E-11     4.281E-11     8.157E-11     1.608E-10     1.240E-10
  1999.9200    9.013E-11     9.634E-11     6.584E-11     4.383E-11     8.002E-11     1.593E-10     1.233E-10
  2000.0000    1.006E-10     6.958E-11     7.446E-11     4.536E-11     7.855E-11     1.578E-10     1.226E-10
  2000.0800    1.000E-10     7.757E-11     8.245E-11     4.703E-11     7.716E-11     1.562E-10     1.219E-10
  2000.1700    1.441E-10     9.310E-11     8.491E-11     4.850E-11     7.583E-11     1.547E-10     1.212E-10
  2000.2500    1.148E-10     9.649E-11     8.017E-11     4.959E-11     7.457E-11     1.532E-10     1.205E-10
  2000.3300    1.228E-10     1.114E-10     7.165E-11     5.040E-11     7.336E-11     1.517E-10     1.198E-10
  2000.4200    1.146E-10     1.020E-10     6.496E-11     5.122E-11     7.221E-11     1.501E-10     1.191E-10
  2000.5000    1.001E-10     8.467E-11     6.512E-11     5.238E-11     7.112E-11     1.486E-10     1.184E-10
  2000.5800    1.019E-10     1.315E-10     7.042E-11     5.405E-11     7.009E-11     1.471E-10     1.177E-10
  2000.6700    1.352E-10     1.479E-10     7.250E-11     5.616E-11     6.912E-11     1.456E-10     1.170E-10
  2000.7500    1.159E-10     1.090E-10     6.704E-11     5.849E-11     6.821E-11     1.440E-10     1.163E-10
  2000.8300    1.385E-10     1.059E-10     5.819E-11     6.075E-11     6.735E-11     1.425E-10     1.156E-10
  2000.9200    1.044E-10     1.165E-10     5.356E-11     6.261E-11     6.655E-11     1.410E-10     1.149E-10
  2001.0000    9.847E-11     7.789E-11     5.785E-11     6.376E-11     6.582E-11     1.395E-10     1.142E-10
  2001.0800    9.866E-11     6.976E-11     6.612E-11     6.388E-11     6.515E-11     1.379E-10     1.135E-10
  2001.1700    1.567E-10     7.672E-11     6.907E-11     6.278E-11     6.454E-11     1.364E-10     1.128E-10
  2001.2500    1.046E-10     8.988E-11     6.219E-11     6.055E-11     6.402E-11     1.349E-10     1.121E-10
  2001.3300    1.302E-10     1.309E-10     5.098E-11     5.762E-11     6.359E-11     1.334E-10     1.114E-10
  2001.4200    1.194E-10     1.264E-10     4.552E-11     5.451E-11     6.326E-11     1.320E-10     1.107E-10
  2001.5000    1.054E-10     1.100E-10     5.074E-11     5.163E-11     6.305E-11     1.305E-10     1.100E-10
  2001.5800    1.558E-10     1.617E-10     5.786E-11     4.920E-11     6.296E-11     1.291E-10     1.093E-10
  2001.6700    1.112E-10     1.464E-10     5.658E-11     4.726E-11     6.300E-11     1.276E-10     1.086E-10
  2001.7500    1.130E-10     1.004E-10     4.865E-11     4.574E-11     6.319E-11     1.263E-10     1.079E-10
  2001.8300    1.320E-10     1.126E-10     4.448E-11     4.470E-11     6.355E-11     1.249E-10     1.072E-10
  2001.9200    1.013E-10     9.633E-11     5.321E-11     4.423E-11     6.407E-11     1.236E-10     1.066E-10
  2002.0000    1.028E-10     6.668E-11     6.933E-11     4.431E-11     6.477E-11     1.223E-10     1.059E-10
  2002.0800    1.363E-10     8.603E-11     8.066E-11     4.479E-11     6.566E-11     1.211E-10     1.052E-10
  2002.1700    1.257E-10     9.281E-11     7.988E-11     4.544E-11     6.674E-11     1.199E-10     1.045E-10
  2002.2500    1.182E-10     1.064E-10     6.923E-11     4.609E-11     6.800E-11     1.187E-10     1.039E-10
  2002.3300    7.176E-11     1.038E-10     5.593E-11     4.674E-11     6.945E-11     1.177E-10     1.032E-10
  2002.4200    9.722E-11     7.784E-11     5.099E-11     4.749E-11     7.106E-11     1.167E-10     1.026E-10
  2002.5000    1.012E-10     1.205E-10     5.914E-11     4.842E-11     7.282E-11     1.157E-10     1.019E-10
  2002.5800    1.435E-10     1.380E-10     6.747E-11     4.955E-11     7.471E-11     1.148E-10     1.013E-10
  2002.6700    8.639E-11     8.789E-11     6.624E-11     5.088E-11     7.671E-11     1.140E-10     1.006E-10
  2002.7500    1.117E-10     6.433E-11     5.845E-11     5.252E-11     7.878E-11     1.133E-10     1.000E-10
  2002.8300    9.124E-11     8.907E-11     5.093E-11     5.459E-11     8.090E-11     1.127E-10     9.938E-11
  2002.9200    9.915E-11     7.288E-11     5.036E-11     5.707E-11     8.304E-11     1.121E-10     9.877E-11
  2003.0000    8.440E-11     5.655E-11     5.553E-11     5.979E-11     8.517E-11     1.117E-10     9.817E-11
  2003.0800    1.192E-10     5.301E-11     5.793E-11     6.242E-11     8.727E-11     1.113E-10     9.758E-11
  2003.1700    1.008E-10     6.209E-11     5.347E-11     6.471E-11     8.931E-11     1.111E-10     9.701E-11
  2003.2500    1.184E-10     9.361E-11     4.755E-11     6.656E-11     9.127E-11     1.109E-10     9.644E-11
  2003.3300    9.883E-11     8.179E-11     4.571E-11     6.798E-11     9.315E-11     1.108E-10     9.589E-11
  2003.4200    8.069E-11     6.258E-11     4.665E-11     6.902E-11     9.494E-11     1.109E-10     9.535E-11
  2003.5000    1.293E-10     1.234E-10     4.669E-11     6.971E-11     9.664E-11     1.110E-10     9.483E-11
  2003.5800    1.377E-10     1.337E-10     4.253E-11     7.011E-11     9.826E-11     1.112E-10     9.432E-11
  2003.6700    9.669E-11     8.011E-11     3.564E-11     7.038E-11     9.981E-11     1.116E-10     9.382E-11
  2003.7500    8.146E-11     6.692E-11     3.425E-11     7.072E-11     1.013E-10     1.120E-10     9.335E-11
  2003.8300    1.091E-10     8.425E-11     4.045E-11     7.127E-11     1.028E-10     1.126E-10     9.289E-11
  2003.9200    1.085E-10     7.640E-11     4.837E-11     7.205E-11     1.042E-10     1.132E-10     9.245E-11
  2004.0000    8.102E-11     7.113E-11     5.279E-11     7.303E-11     1.056E-10     1.140E-10     9.203E-11
  2004.0800    1.024E-10     6.781E-11     5.097E-11     7.409E-11     1.070E-10     1.148E-10     9.164E-11
  2004.1700    1.027E-10     8.866E-11     4.490E-11     7.515E-11     1.085E-10     1.157E-10     9.126E-11
  2004.2500    1.179E-10     9.787E-11     3.853E-11     7.618E-11     1.101E-10     1.167E-10     9.091E-11
  2004.3300    8.621E-11     6.619E-11     3.611E-11     7.718E-11     1.117E-10     1.178E-10     9.058E-11
  2004.4200    8.545E-11     8.541E-11     3.971E-11     7.813E-11     1.134E-10     1.190E-10     9.027E-11
  2004.5000    1.258E-10     1.061E-10     4.444E-11     7.901E-11     1.152E-10     1.203E-10     8.999E-11
  2004.5800    9.350E-11     7.924E-11     4.602E-11     7.976E-11     1.171E-10     1.216E-10     8.974E-11
  2004.6700    1.016E-10     7.087E-11     4.498E-11     8.037E-11     1.191E-10     1.230E-10     8.952E-11
  2004.7500    9.853E-11     8.102E-11     4.341E-11     8.088E-11     1.211E-10     1.244E-10     8.932E-11
  2004.8300    8.529E-11     6.098E-11     4.407E-11     8.135E-11     1.233E-10     1.259E-10     8.916E-11
  2004.9200    7.868E-11     5.338E-11     4.815E-11     8.178E-11     1.256E-10     1.274E-10     8.903E-11
  2005.0000    1.267E-10     6.263E-11     5.225E-11     8.218E-11     1.279E-10     1.290E-10     8.893E-11
  2005.0800    9.446E-11     6.836E-11     5.271E-11     8.249E-11     1.302E-10     1.306E-10     8.886E-11
  2005.1700    1.085E-10     9.179E-11     4.981E-11     8.269E-11     1.326E-10     1.322E-10     8.882E-11
  2005.2500    9.259E-11     1.018E-10     4.488E-11     8.281E-11     1.349E-10     1.338E-10     8.882E-11
  2005.3300    9.384E-11     7.393E-11     4.068E-11     8.291E-11     1.372E-10     1.355E-10     8.886E-11
  2005.4200    9.665E-11     9.939E-11     4.185E-11     8.308E-11     1.395E-10     1.371E-10     8.894E-11
  2005.5000    1.531E-10     1.253E-10     4.684E-11     8.334E-11     1.417E-10     1.387E-10     8.905E-11
  2005.5800    7.778E-11     8.794E-11     5.046E-11     8.371E-11     1.439E-10     1.403E-10     8.920E-11
  2005.6700    9.252E-11     6.947E-11     5.074E-11     8.414E-11     1.459E-10     1.419E-10     8.939E-11
  2005.7500    1.255E-10     8.713E-11     4.719E-11     8.460E-11     1.479E-10     1.435E-10     8.962E-11
  2005.8300    9.963E-11     6.486E-11     4.170E-11     8.507E-11     1.497E-10     1.450E-10     8.989E-11
  2005.9200    9.247E-11     6.131E-11     4.059E-11     8.546E-11     1.514E-10     1.465E-10     9.020E-11
  2006.0000    1.104E-10     7.224E-11     4.479E-11     8.570E-11     1.529E-10     1.479E-10     9.055E-11
  2006.0800    1.016E-10     7.907E-11     4.865E-11     8.570E-11     1.542E-10     1.492E-10     9.095E-11
  2006.1700    1.070E-10     1.057E-10     4.975E-11     8.542E-11     1.554E-10     1.505E-10     9.139E-11
  2006.2500    9.395E-11     1.046E-10     4.804E-11     8.493E-11     1.565E-10     1.518E-10     9.188E-11
  2006.3300    9.768E-11     7.453E-11     4.602E-11     8.437E-11     1.573E-10     1.529E-10     9.240E-11
  2006.4200    1.093E-10     9.622E-11     4.710E-11     8.387E-11     1.580E-10     1.540E-10     9.298E-11
  2006.5000    1.253E-10     1.056E-10     4.862E-11     8.353E-11     1.585E-10     1.550E-10     9.359E-11
  2006.5800    8.644E-11     7.165E-11     4.706E-11     8.341E-11     1.589E-10     1.559E-10     9.425E-11
  2006.6700    9.618E-11     6.361E-11     4.294E-11     8.351E-11     1.591E-10     1.567E-10     9.496E-11
  2006.7500    1.036E-10     6.359E-11     4.126E-11     8.380E-11     1.591E-10     1.574E-10     9.571E-11
  2006.8300    9.230E-11     4.436E-11     4.930E-11     8.422E-11     1.589E-10     1.580E-10     9.651E-11
  2006.9200    1.069E-10     5.726E-11     6.200E-11     8.464E-11     1.586E-10     1.586E-10     9.735E-11
  2007.0000    1.007E-10     6.997E-11     6.934E-11     8.490E-11     1.582E-10     1.590E-10     9.823E-11
  2007.0800    9.455E-11     8.530E-11     6.743E-11     8.489E-11     1.576E-10     1.593E-10     9.917E-11
  2007.1700    1.080E-10     9.590E-11     5.760E-11     8.463E-11     1.568E-10     1.595E-10     1.001E-10
  2007.2500    7.396E-11     7.451E-11     4.741E-11     8.423E-11     1.560E-10     1.597E-10     1.012E-10
  2007.3300    7.733E-11     9.512E-11     5.070E-11     8.383E-11     1.550E-10     1.597E-10     1.022E-10
  2007.4200    1.189E-10     1.244E-10     6.207E-11     8.352E-11     1.538E-10     1.595E-10     1.033E-10
  2007.5000    1.016E-10     9.713E-11     6.698E-11     8.335E-11     1.526E-10     1.593E-10     1.045E-10
  2007.5800    1.243E-10     6.946E-11     6.235E-11     8.334E-11     1.512E-10     1.589E-10     1.057E-10
  2007.6700    1.142E-10     7.688E-11     5.101E-11     8.350E-11     1.498E-10     1.585E-10     1.069E-10
  2007.7500    8.334E-11     5.313E-11     4.298E-11     8.382E-11     1.482E-10     1.579E-10     1.082E-10
  2007.8300    7.625E-11     5.231E-11     4.817E-11     8.425E-11     1.466E-10     1.572E-10     1.095E-10
  2007.9200    1.216E-10     6.295E-11     5.639E-11     8.473E-11     1.449E-10     1.563E-10     1.109E-10
  2008.0000    1.019E-10     7.237E-11     5.588E-11     8.520E-11     1.430E-10     1.553E-10     1.123E-10
  2008.0800    1.220E-10     1.082E-10     4.845E-11     8.568E-11     1.411E-10     1.542E-10     1.138E-10
  2008.1700    1.037E-10     1.107E-10     4.175E-11     8.622E-11     1.391E-10     1.530E-10     1.152E-10
  2008.2500    1.008E-10     7.754E-11     4.354E-11     8.678E-11     1.370E-10     1.516E-10     1.168E-10
  2008.3300    1.012E-10     1.121E-10     5.163E-11     8.727E-11     1.348E-10     1.501E-10     1.183E-10
  2008.4200    1.215E-10     1.345E-10     5.586E-11     8.753E-11     1.325E-10     1.484E-10     1.200E-10
  2008.5000    9.183E-11     1.040E-10     5.202E-11     8.742E-11     1.302E-10     1.466E-10     1.216E-10
  2008.5800    1.095E-10     8.228E-11     4.591E-11     8.694E-11     1.278E-10     1.447E-10     1.233E-10
  2008.6700    8.092E-11     8.203E-11     4.622E-11     8.623E-11     1.253E-10     1.426E-10     1.250E-10
  2008.7500    9.421E-11     5.950E-11     5.503E-11     8.546E-11     1.228E-10     1.403E-10     1.268E-10
  2008.8300    9.817E-11     6.051E-11     6.531E-11     8.484E-11     1.202E-10     1.379E-10     1.286E-10
  2008.9200    1.236E-10     6.186E-11     7.017E-11     8.453E-11     1.176E-10     1.354E-10     1.304E-10
  2009.0000    9.376E-11     7.314E-11     6.869E-11     8.469E-11     1.150E-10     1.327E-10     1.323E-10
  2009.0800    1.123E-10     1.018E-10     6.484E-11     8.539E-11     1.123E-10     1.299E-10     1.342E-10
  2009.1700    9.718E-11     9.760E-11     6.277E-11     8.662E-11     1.097E-10     1.269E-10     1.361E-10
  2009.2500    9.354E-11     7.692E-11     6.431E-11     8.825E-11     1.071E-10     1.237E-10     1.381E-10
  2009.3300    1.244E-10     1.021E-10     6.799E-11     9.007E-11     1.046E-10     1.204E-10     1.401E-10
  2009.4200    9.765E-11     9.972E-11     6.987E-11     9.183E-11     1.022E-10     1.170E-10     1.422E-10
  2009.5000    1.084E-10     7.623E-11     6.886E-11     9.338E-11     1.000E-10     1.134E-10     1.442E-10
  2009.5800    1.169E-10     8.821E-11     6.657E-11     9.469E-11     9.799E-11     1.097E-10     1.463E-10
  2009.6700    1.075E-10     8.707E-11     6.493E-11     9.583E-11     9.624E-11     1.058E-10     1.485E-10
  2009.7500    1.001E-10     6.462E-11     6.564E-11     9.695E-11     9.482E-11     1.018E-10     1.507E-10
  2009.8300    9.930E-11     7.020E-11     6.797E-11     9.819E-11     9.381E-11     9.768E-11     1.529E-10
  2009.9200    1.254E-10     7.055E-11     6.893E-11     9.965E-11     9.329E-11     9.346E-11     1.551E-10
  2010.0000    1.001E-10     7.661E-11     6.741E-11     1.014E-10     9.334E-11     8.915E-11     1.574E-10
  2010.0800    1.279E-10     1.036E-10     6.500E-11     1.035E-10     9.404E-11     8.477E-11     1.597E-10
  2010.1700    8.693E-11     9.343E-11     6.392E-11     1.058E-10     9.548E-11     8.037E-11     1.620E-10
  2010.2500    9.189E-11     8.783E-11     6.544E-11     1.085E-10     9.772E-11     7.597E-11     1.644E-10
  2010.3300    1.350E-10     1.298E-10     6.891E-11     1.114E-10     1.008E-10     7.164E-11     1.668E-10
  2010.4200    9.877E-11     1.248E-10     7.266E-11     1.144E-10     1.049E-10     6.745E-11     1.692E-10
  2010.5000    1.054E-10     1.156E-10     7.681E-11     1.177E-10     1.099E-10     6.348E-11     1.716E-10
  2010.5800    9.658E-11     1.218E-10     8.165E-11     1.212E-10     1.158E-10     5.987E-11     1.741E-10
  2010.6700    1.192E-10     1.199E-10     8.624E-11     1.251E-10     1.228E-10     5.676E-11     1.766E-10
  2010.7500    1.294E-10     1.363E-10     8.907E-11     1.298E-10     1.307E-10     5.435E-11     1.792E-10
  2010.8300    1.829E-10     1.496E-10     8.881E-11     1.356E-10     1.396E-10     5.281E-11     1.817E-10
  2010.9200    1.602E-10     1.402E-10     8.543E-11     1.432E-10     1.496E-10     5.235E-11     1.843E-10
  2011.0000    1.725E-10     1.408E-10     8.277E-11     1.532E-10     1.605E-10     5.310E-11     1.869E-10
  2011.0800    2.231E-10     1.584E-10     9.213E-11     1.665E-10     1.724E-10     5.512E-11     1.896E-10
  2011.1700    2.854E-10     1.979E-10     1.271E-10     1.837E-10     1.853E-10     5.841E-11     1.923E-10

         Freq      HH.IMF1       HH.IMF2       HH.IMF3       HH.IMF4       HH.IMF5       HH.IMF6
      0.04983        0.000         0.000         0.000     8.614E-23     3.743E-19     5.061E-20
      0.05489        0.000         0.000         0.000         0.000     3.328E-19     4.639E-20
      0.06047        0.000         0.000         0.000         0.000     1.081E-18     4.218E-20
      0.06662        0.000         0.000         0.000     8.614E-23     1.081E-18     6.959E-20
      0.07339        0.000     1.931E-22         0.000     2.584E-22     4.991E-19     4.007E-20
      0.08085        0.000         0.000         0.000         0.000     3.743E-19     2.109E-20
      0.08906        0.000         0.000     8.402E-23     8.614E-23     6.239E-19     4.218E-21
      0.09812        0.000         0.000     8.402E-23         0.000     1.165E-18     1.054E-20
       0.1081        0.000     1.931E-22         0.000     1.723E-22     1.622E-18     8.435E-21
       0.1191        0.000     1.931E-22         0.000     6.030E-22     1.581E-18     6.327E-21
       0.1312        0.000     1.931E-22         0.000     1.723E-22     4.991E-19     4.218E-21
       0.1445        0.000         0.000         0.000     7.752E-22     1.248E-19     6.327E-21
       0.1592    4.790E-22         0.000     8.402E-23     3.446E-22     4.159E-20     4.218E-21
       0.1754        0.000     1.931E-22         0.000     7.752E-22     4.159E-20         0.000
       0.1932        0.000         0.000         0.000     1.378E-21     4.159E-20         0.000
       0.2129    4.790E-22     3.863E-22         0.000     1.378E-21     4.159E-20         0.000
       0.2345        0.000         0.000     8.402E-23     1.034E-21         0.000         0.000
       0.2583        0.000     5.794E-22         0.000     9.475E-22     4.159E-20         0.000
       0.2846        0.000         0.000     3.361E-22     1.206E-21         0.000         0.000
       0.3135        0.000     3.863E-22     1.680E-22     2.153E-21         0.000         0.000
       0.3454    4.790E-22     1.931E-22     3.361E-22     2.153E-21         0.000         0.000
       0.3805        0.000     3.863E-22     4.201E-22     1.981E-21         0.000         0.000
       0.4192        0.000     3.863E-22     2.521E-22     1.895E-21         0.000         0.000
       0.4618    4.790E-22     7.726E-22     7.562E-22     1.034E-21         0.000         0.000
       0.5087        0.000     7.726E-22     5.041E-22     2.584E-22         0.000         0.000
       0.5604        0.000         0.000     1.680E-22     3.446E-22         0.000         0.000
       0.6174        0.000     7.726E-22     5.881E-22     2.584E-22         0.000         0.000
       0.6801    2.395E-21     3.863E-22     2.269E-21     2.584E-22         0.000         0.000
       0.7492    1.437E-21     1.738E-21     2.605E-21     3.446E-22         0.000         0.000
       0.8254    2.395E-21     1.159E-21     2.521E-21     3.446E-22         0.000         0.000
       0.9093    2.395E-21     1.931E-21     3.109E-21     1.723E-22         0.000         0.000
        1.002    3.832E-21     2.125E-21     2.773E-21     4.307E-22         0.000         0.000
        1.104    4.311E-21     4.249E-21     1.428E-21         0.000         0.000         0.000
        1.216    1.102E-20     5.601E-21     1.596E-21         0.000         0.000         0.000
        1.339    9.580E-21     1.082E-20     6.722E-22     8.614E-23         0.000         0.000
        1.475    1.197E-20     8.692E-21     2.521E-22     8.614E-23         0.000         0.000
        1.625    1.150E-20     2.704E-21     8.402E-23     8.614E-23         0.000         0.000
        1.791    1.341E-20     2.125E-21         0.000     8.614E-23         0.000         0.000
        1.973    1.868E-20     1.159E-21         0.000         0.000         0.000         0.000
        2.173    9.580E-21     1.931E-22         0.000         0.000         0.000         0.000
        2.394    7.185E-21     1.931E-22         0.000         0.000         0.000         0.000
        2.637    3.353E-21         0.000         0.000         0.000         0.000         0.000
        2.905    2.395E-21         0.000         0.000         0.000         0.000         0.000
        3.201    2.395E-21         0.000         0.000         0.000         0.000         0.000
        3.526    4.790E-22         0.000         0.000         0.000         0.000         0.000
        3.884        0.000         0.000         0.000         0.000         0.000         0.000
        4.279        0.000         0.000         0.000         0.000         0.000         0.000
        4.714        0.000         0.000         0.000         0.000         0.000         0.000
        5.193        0.000         0.000         0.000         0.000         0.000         0.000

                    IMF1          IMF2          IMF3          IMF4          IMF5          IMF6
     Period       -1.211       -0.8437       0.08226         1.234         4.404         4.404
     Energy      -0.8273        -2.657        -4.355        -5.588       -0.5472        -3.349

 5%.Sig.Lvl
       Period        Energy
       -2.142       -0.8482
       -2.069       -0.9084
       -1.996       -0.9685
       -1.923        -1.028
       -1.850        -1.088
       -1.777        -1.148
       -1.705        -1.207
       -1.632        -1.266
       -1.559        -1.325
       -1.486        -1.384
       -1.413        -1.443
       -1.340        -1.501
       -1.267        -1.559
       -1.195        -1.617
       -1.122        -1.675
       -1.049        -1.733
      -0.9760        -1.790
      -0.9031        -1.847
      -0.8303        -1.904
      -0.7574        -1.961
      -0.6845        -2.017
      -0.6117        -2.073
      -0.5388        -2.129
      -0.4659        -2.185
      -0.3931        -2.240
      -0.3202        -2.296
      -0.2474        -2.351
      -0.1745        -2.405
      -0.1016        -2.460
     -0.02877        -2.514
      0.04410        -2.568
       0.1170        -2.622
       0.1898        -2.675
       0.2627        -2.728
       0.3356        -2.781
       0.4084        -2.834
       0.4813        -2.886
       0.5541        -2.938
       0.6270        -2.990
       0.6999        -3.042
       0.7727        -3.093
       0.8456        -3.144
       0.9185        -3.195
       0.9913        -3.245
        1.064        -3.295
        1.137        -3.345
        1.210        -3.394
        1.283        -3.444
        1.356        -3.493
        1.429        -3.541
        1.501        -3.590
        1.574        -3.638
        1.647        -3.685
        1.720        -3.733
        1.793        -3.780
        1.866        -3.827
        1.939        -3.874
        2.011        -3.920
        2.084        -3.966
        2.157        -4.012
        2.230        -4.058
        2.303        -4.103
        2.376        -4.148
        2.449        -4.193
        2.521        -4.237
        2.594        -4.282
        2.667        -4.326
        2.740        -4.370
        2.813        -4.413
        2.886        -4.457
        2.959        -4.500
        3.032        -4.543
        3.104        -4.586
        3.177        -4.628
        3.250        -4.671
        3.323        -4.713
        3.396        -4.755
        3.469        -4.797
        3.542        -4.839
        3.614        -4.881
        3.687        -4.923
        3.760        -4.964
        3.833        -5.006
        3.906        -5.047
        3.979        -5.089
        4.052        -5.131
        4.124        -5.172
        4.197        -5.214
        4.270        -5.255
        4.343        -5.297
        4.416        -5.339
        4.489        -5.381
        4.562        -5.423
        4.635        -5.465
        4.707        -5.508
        4.780        -5.550
        4.853        -5.593
        4.926        -5.636
        4.999        -5.680
        5.072        -5.724

 1%.Sig.Lvl
       Period        Energy
       -2.142       -0.7169
       -2.069       -0.7741
       -1.996       -0.8311
       -1.923       -0.8878
       -1.850       -0.9443
       -1.777        -1.001
       -1.705        -1.057
       -1.632        -1.112
       -1.559        -1.168
       -1.486        -1.223
       -1.413        -1.278
       -1.340        -1.333
       -1.267        -1.387
       -1.195        -1.441
       -1.122        -1.495
       -1.049        -1.548
      -0.9760        -1.601
      -0.9031        -1.654
      -0.8303        -1.707
      -0.7574        -1.759
      -0.6845        -1.811
      -0.6117        -1.863
      -0.5388        -1.914
      -0.4659        -1.965
      -0.3931        -2.016
      -0.3202        -2.066
      -0.2474        -2.116
      -0.1745        -2.166
      -0.1016        -2.215
     -0.02877        -2.264
      0.04410        -2.313
       0.1170        -2.361
       0.1898        -2.409
       0.2627        -2.456
       0.3356        -2.504
       0.4084        -2.550
       0.4813        -2.597
       0.5541        -2.643
       0.6270        -2.689
       0.6999        -2.734
       0.7727        -2.779
       0.8456        -2.823
       0.9185        -2.867
       0.9913        -2.911
        1.064        -2.954
        1.137        -2.997
        1.210        -3.040
        1.283        -3.082
        1.356        -3.124
        1.429        -3.165
        1.501        -3.206
        1.574        -3.247
        1.647        -3.287
        1.720        -3.327
        1.793        -3.366
        1.866        -3.405
        1.939        -3.444
        2.011        -3.482
        2.084        -3.519
        2.157        -3.557
        2.230        -3.594
        2.303        -3.630
        2.376        -3.667
        2.449        -3.703
        2.521        -3.738
        2.594        -3.773
        2.667        -3.808
        2.740        -3.842
        2.813        -3.876
        2.886        -3.910
        2.959        -3.943
        3.032        -3.976
        3.104        -4.009
        3.177        -4.041
        3.250        -4.073
        3.323        -4.105
        3.396        -4.136
        3.469        -4.167
        3.542        -4.198
        3.614        -4.228
        3.687        -4.259
        3.760        -4.289
        3.833        -4.318
        3.906        -4.348
        3.979        -4.377
        4.052        -4.406
        4.124        -4.435
        4.197        -4.463
        4.270        -4.492
        4.343        -4.520
        4.416        -4.548
        4.489        -4.576
        4.562        -4.604
        4.635        -4.632
        4.707        -4.659
        4.780        -4.687
        4.853        -4.714
        4.926        -4.742
        4.999        -4.769
        5.072        -4.796
