NTime  254 NIMF  7

       Time       RawData
  1990.0800     8.420E-10
  1990.1700     8.507E-10
  1990.2500     8.476E-10
  1990.3300     8.376E-10
  1990.4200     8.243E-10
  1990.5000     8.206E-10
  1990.5800     8.273E-10
  1990.6700     8.405E-10
  1990.7500     8.485E-10
  1990.8300     8.472E-10
  1990.9200     8.414E-10
  1991.0000     8.414E-10
  1991.0800     8.477E-10
  1991.1700     8.543E-10
  1991.2500     8.483E-10
  1991.3300     8.357E-10
  1991.4200     8.244E-10
  1991.5000     8.210E-10
  1991.5800     8.288E-10
  1991.6700     8.405E-10
  1991.7500     8.452E-10
  1991.8300     8.439E-10
  1991.9200     8.378E-10
  1992.0000     8.380E-10
  1992.0800     8.483E-10
  1992.1700     8.526E-10
  1992.2500     8.454E-10
  1992.3300     8.297E-10
  1992.4200     8.223E-10
  1992.5000     8.236E-10
  1992.5800     8.341E-10
  1992.6700     8.426E-10
  1992.7500     8.454E-10
  1992.8300     8.410E-10
  1992.9200     8.397E-10
  1993.0000     8.454E-10
  1993.0800     8.537E-10
  1993.1700     8.535E-10
  1993.2500     8.432E-10
  1993.3300     8.291E-10
  1993.4200     8.239E-10
  1993.5000     8.283E-10
  1993.5800     8.401E-10
  1993.6700     8.479E-10
  1993.7500     8.473E-10
  1993.8300     8.431E-10
  1993.9200     8.410E-10
  1994.0000     8.469E-10
  1994.0800     8.505E-10
  1994.1700     8.447E-10
  1994.2500     8.345E-10
  1994.3300     8.237E-10
  1994.4200     8.190E-10
  1994.5000     8.280E-10
  1994.5800     8.370E-10
  1994.6700     8.449E-10
  1994.7500     8.419E-10
  1994.8300     8.382E-10
  1994.9200     8.395E-10
  1995.0000     8.487E-10
  1995.0800     8.516E-10
  1995.1700     8.426E-10
  1995.2500     8.288E-10
  1995.3300     8.230E-10
  1995.4200     8.235E-10
  1995.5000     8.336E-10
  1995.5800     8.433E-10
  1995.6700     8.463E-10
  1995.7500     8.428E-10
  1995.8300     8.392E-10
  1995.9200     8.427E-10
  1996.0000     8.473E-10
  1996.0800     8.464E-10
  1996.1700     8.375E-10
  1996.2500     8.230E-10
  1996.3300     8.186E-10
  1996.4200     8.224E-10
  1996.5000     8.340E-10
  1996.5800     8.402E-10
  1996.6700     8.392E-10
  1996.7500     8.345E-10
  1996.8300     8.368E-10
  1996.9200     8.447E-10
  1997.0000     8.467E-10
  1997.0800     8.407E-10
  1997.1700     8.290E-10
  1997.2500     8.189E-10
  1997.3300     8.199E-10
  1997.4200     8.289E-10
  1997.5000     8.391E-10
  1997.5800     8.439E-10
  1997.6700     8.407E-10
  1997.7500     8.344E-10
  1997.8300     8.364E-10
  1997.9200     8.422E-10
  1998.0000     8.470E-10
  1998.0800     8.393E-10
  1998.1700     8.263E-10
  1998.2500     8.179E-10
  1998.3300     8.209E-10
  1998.4200     8.314E-10
  1998.5000     8.393E-10
  1998.5800     8.407E-10
  1998.6700     8.368E-10
  1998.7500     8.321E-10
  1998.8300     8.375E-10
  1998.9200     8.465E-10
  1999.0000     8.444E-10
  1999.0800     8.314E-10
  1999.1700     8.213E-10
  1999.2500     8.184E-10
  1999.3300     8.248E-10
  1999.4200     8.388E-10
  1999.5000     8.445E-10
  1999.5800     8.445E-10
  1999.6700     8.415E-10
  1999.7500     8.403E-10
  1999.8300     8.452E-10
  1999.9200     8.506E-10
  2000.0000     8.453E-10
  2000.0800     8.317E-10
  2000.1700     8.228E-10
  2000.2500     8.242E-10
  2000.3300     8.340E-10
  2000.4200     8.462E-10
  2000.5000     8.492E-10
  2000.5800     8.479E-10
  2000.6700     8.426E-10
  2000.7500     8.426E-10
  2000.8300     8.496E-10
  2000.9200     8.501E-10
  2001.0000     8.411E-10
  2001.0800     8.269E-10
  2001.1700     8.210E-10
  2001.2500     8.256E-10
  2001.3300     8.347E-10
  2001.4200     8.458E-10
  2001.5000     8.476E-10
  2001.5800     8.420E-10
  2001.6700     8.406E-10
  2001.7500     8.452E-10
  2001.8300     8.516E-10
  2001.9200     8.478E-10
  2002.0000     8.342E-10
  2002.0800     8.236E-10
  2002.1700     8.182E-10
  2002.2500     8.273E-10
  2002.3300     8.362E-10
  2002.4200     8.440E-10
  2002.5000     8.435E-10
  2002.5800     8.358E-10
  2002.6700     8.325E-10
  2002.7500     8.414E-10
  2002.8300     8.441E-10
  2002.9200     8.373E-10
  2003.0000     8.239E-10
  2003.0800     8.144E-10
  2003.1700     8.142E-10
  2003.2500     8.228E-10
  2003.3300     8.326E-10
  2003.4200     8.363E-10
  2003.5000     8.351E-10
  2003.5800     8.285E-10
  2003.6700     8.311E-10
  2003.7500     8.417E-10
  2003.8300     8.423E-10
  2003.9200     8.323E-10
  2004.0000     8.176E-10
  2004.0800     8.106E-10
  2004.1700     8.171E-10
  2004.2500     8.292E-10
  2004.3300     8.378E-10
  2004.4200     8.385E-10
  2004.5000     8.345E-10
  2004.5800     8.316E-10
  2004.6700     8.362E-10
  2004.7500     8.442E-10
  2004.8300     8.417E-10
  2004.9200     8.299E-10
  2005.0000     8.190E-10
  2005.0800     8.142E-10
  2005.1700     8.181E-10
  2005.2500     8.296E-10
  2005.3300     8.351E-10
  2005.4200     8.332E-10
  2005.5000     8.270E-10
  2005.5800     8.288E-10
  2005.6700     8.385E-10
  2005.7500     8.401E-10
  2005.8300     8.342E-10
  2005.9200     8.209E-10
  2006.0000     8.097E-10
  2006.0800     8.124E-10
  2006.1700     8.242E-10
  2006.2500     8.356E-10
  2006.3300     8.379E-10
  2006.4200     8.347E-10
  2006.5000     8.293E-10
  2006.5800     8.358E-10
  2006.6700     8.418E-10
  2006.7500     8.413E-10
  2006.8300     8.330E-10
  2006.9200     8.203E-10
  2007.0000     8.136E-10
  2007.0800     8.165E-10
  2007.1700     8.256E-10
  2007.2500     8.334E-10
  2007.3300     8.335E-10
  2007.4200     8.325E-10
  2007.5000     8.302E-10
  2007.5800     8.361E-10
  2007.6700     8.442E-10
  2007.7500     8.391E-10
  2007.8300     8.264E-10
  2007.9200     8.152E-10
  2008.0000     8.132E-10
  2008.0800     8.213E-10
  2008.1700     8.332E-10
  2008.2500     8.394E-10
  2008.3300     8.378E-10
  2008.4200     8.332E-10
  2008.5000     8.339E-10
  2008.5800     8.440E-10
  2008.6700     8.467E-10
  2008.7500     8.384E-10
  2008.8300     8.257E-10
  2008.9200     8.167E-10
  2009.0000     8.163E-10
  2009.0800     8.269E-10
  2009.1700     8.379E-10
  2009.2500     8.414E-10
  2009.3300     8.372E-10
  2009.4200     8.327E-10
  2009.5000     8.344E-10
  2009.5800     8.458E-10
  2009.6700     8.447E-10
  2009.7500     8.360E-10
  2009.8300     8.225E-10
  2009.9200     8.160E-10
  2010.0000     8.183E-10
  2010.0800     8.316E-10
  2010.1700     8.375E-10
  2010.2500     8.389E-10
  2010.3300     8.348E-10
  2010.4200     8.361E-10
  2010.5000     8.481E-10
  2010.5800     8.529E-10
  2010.6700     8.476E-10
  2010.7500     8.367E-10
  2010.8300     8.242E-10
  2010.9200     8.233E-10
  2011.0000     8.307E-10
  2011.0800     8.430E-10
  2011.1700     8.486E-10

       Time         IMF1          IMF2          IMF3          IMF4          IMF5          IMF6      Residual
  1990.0800   -1.907E-12     1.400E-12    -3.795E-13     1.097E-12     8.898E-13     1.551E-13     8.405E-10
  1990.1700    1.209E-11    -3.209E-12    -6.695E-13     9.882E-13     8.273E-13     1.312E-13     8.405E-10
  1990.2500    1.333E-11    -6.916E-12    -7.086E-13     8.685E-13     7.728E-13     1.084E-13     8.404E-10
  1990.3300    5.969E-12    -9.497E-12    -5.506E-13     7.396E-13     7.259E-13     8.669E-14     8.403E-10
  1990.4200   -6.028E-12    -1.073E-11    -2.494E-13     6.029E-13     6.862E-13     6.610E-14     8.403E-10
  1990.5000   -1.056E-11    -1.040E-11     1.412E-13     4.596E-13     6.534E-13     4.660E-14     8.402E-10
  1990.5800   -5.748E-12    -8.481E-12     5.672E-13     3.113E-13     6.272E-13     2.817E-14     8.402E-10
  1990.6700    4.001E-12    -5.405E-12     9.749E-13     1.592E-13     6.072E-13     1.080E-14     8.401E-10
  1990.7500    8.287E-12    -1.798E-12     1.310E-12     4.757E-15     5.932E-13    -5.516E-15     8.400E-10
  1990.8300    3.425E-12     1.684E-12     1.517E-12    -1.506E-13     5.847E-13    -2.080E-14     8.400E-10
  1990.9200   -4.986E-12     4.741E-12     1.529E-12    -3.056E-13     5.815E-13    -3.506E-14     8.399E-10
  1991.0000   -6.800E-12     7.297E-12     1.288E-12    -4.588E-13     5.832E-13    -4.830E-14     8.398E-10
  1991.0800   -1.357E-12     8.873E-12     8.030E-13    -6.087E-13     5.895E-13    -6.055E-14     8.398E-10
  1991.1700    6.680E-12     8.235E-12     1.579E-13    -7.542E-13     6.000E-13    -7.181E-14     8.397E-10
  1991.2500    5.589E-12     4.428E-12    -5.385E-13    -8.937E-13     6.145E-13    -8.209E-14     8.397E-10
  1991.3300   -6.029E-13    -1.451E-12    -1.163E-12    -1.026E-12     6.325E-13    -9.141E-14     8.396E-10
  1991.4200   -6.200E-12    -6.840E-12    -1.587E-12    -1.149E-12     6.538E-13    -9.978E-14     8.395E-10
  1991.5000   -6.856E-12    -9.111E-12    -1.690E-12    -1.262E-12     6.780E-13    -1.072E-13     8.395E-10
  1991.5800   -8.600E-13    -7.416E-12    -1.405E-12    -1.363E-12     7.049E-13    -1.137E-13     8.394E-10
  1991.6700    6.150E-12    -3.592E-12    -8.286E-13    -1.447E-12     7.339E-13    -1.193E-13     8.393E-10
  1991.7500    6.893E-12     1.101E-13    -1.048E-13    -1.511E-12     7.649E-13    -1.240E-13     8.393E-10
  1991.8300    2.089E-12     2.566E-12     6.025E-13    -1.551E-12     7.975E-13    -1.278E-13     8.392E-10
  1991.9200   -5.992E-12     4.375E-12     1.085E-12    -1.560E-12     8.313E-13    -1.307E-13     8.392E-10
  1992.0000   -7.907E-12     6.049E-12     1.156E-12    -1.536E-12     8.661E-13    -1.327E-13     8.391E-10
  1992.0800    2.063E-12     6.987E-12     7.925E-13    -1.477E-12     9.014E-13    -1.339E-13     8.390E-10
  1992.1700    8.166E-12     5.862E-12     1.149E-13    -1.382E-12     9.371E-13    -1.343E-13     8.390E-10
  1992.2500    5.857E-12     1.800E-12    -7.003E-13    -1.254E-12     9.726E-13    -1.338E-13     8.389E-10
  1992.3300   -3.710E-12    -3.628E-12    -1.452E-12    -1.095E-12     1.008E-12    -1.325E-13     8.389E-10
  1992.4200   -7.051E-12    -7.663E-12    -1.938E-12    -9.062E-13     1.042E-12    -1.304E-13     8.388E-10
  1992.5000   -5.410E-12    -8.150E-12    -1.996E-12    -6.922E-13     1.075E-12    -1.275E-13     8.387E-10
  1992.5800    2.103E-12    -5.545E-12    -1.617E-12    -4.577E-13     1.107E-12    -1.238E-13     8.387E-10
  1992.6700    6.006E-12    -1.872E-12    -9.022E-13    -2.098E-13     1.137E-12    -1.194E-13     8.386E-10
  1992.7500    4.492E-12     1.139E-12     5.477E-15     4.368E-14     1.165E-12    -1.142E-13     8.386E-10
  1992.8300   -2.914E-12     3.160E-12     9.053E-13     2.945E-13     1.190E-12    -1.082E-13     8.385E-10
  1992.9200   -6.467E-12     4.866E-12     1.549E-12     5.339E-13     1.213E-12    -1.016E-13     8.385E-10
  1993.0000   -3.117E-12     6.538E-12     1.765E-12     7.520E-13     1.233E-12    -9.415E-14     8.384E-10
  1993.0800    4.736E-12     6.992E-12     1.562E-12     9.396E-13     1.249E-12    -8.604E-14     8.383E-10
  1993.1700    7.162E-12     4.699E-12     1.040E-12     1.090E-12     1.261E-12    -7.724E-14     8.383E-10
  1993.2500    2.932E-12    -3.532E-13     3.681E-13     1.199E-12     1.270E-12    -6.775E-14     8.382E-10
  1993.3300   -5.540E-12    -5.769E-12    -2.581E-13     1.261E-12     1.274E-12    -5.758E-14     8.382E-10
  1993.4200   -7.605E-12    -8.639E-12    -6.380E-13     1.274E-12     1.274E-12    -4.676E-14     8.381E-10
  1993.5000   -4.084E-12    -7.454E-12    -6.237E-13     1.235E-12     1.269E-12    -3.529E-14     8.380E-10
  1993.5800    3.502E-12    -3.567E-12    -2.721E-13     1.145E-12     1.259E-12    -2.318E-14     8.380E-10
  1993.6700    6.952E-12     7.001E-13     2.937E-13     1.010E-12     1.245E-12    -1.045E-14     8.379E-10
  1993.7500    2.868E-12     3.621E-12     9.297E-13     8.343E-13     1.226E-12     2.887E-15     8.379E-10
  1993.8300   -2.808E-12     5.158E-12     1.428E-12     6.267E-13     1.203E-12     1.683E-14     8.378E-10
  1993.9200   -6.198E-12     6.197E-12     1.556E-12     3.944E-13     1.175E-12     3.135E-14     8.378E-10
  1994.0000   -1.377E-13     6.811E-12     1.190E-12     1.463E-13     1.142E-12     4.646E-14     8.377E-10
  1994.0800    5.237E-12     5.935E-12     4.386E-13    -1.042E-13     1.105E-12     6.213E-14     8.377E-10
  1994.1700    4.411E-12     2.464E-12    -5.047E-13    -3.422E-13     1.063E-12     7.835E-14     8.376E-10
  1994.2500    9.188E-13    -2.881E-12    -1.429E-12    -5.531E-13     1.018E-12     9.511E-14     8.375E-10
  1994.3300   -4.626E-12    -7.698E-12    -2.122E-12    -7.232E-13     9.678E-13     1.124E-13     8.375E-10
  1994.4200   -6.531E-12    -9.478E-12    -2.380E-12    -8.400E-13     9.140E-13     1.302E-13     8.374E-10
  1994.5000    1.276E-13    -7.356E-12    -2.095E-12    -8.946E-13     8.564E-13     1.486E-13     8.374E-10
  1994.5800    4.137E-12    -3.099E-12    -1.390E-12    -8.864E-13     7.948E-13     1.674E-13     8.373E-10
  1994.6700    7.023E-12     1.014E-12    -4.507E-13    -8.202E-13     7.295E-13     1.867E-13     8.373E-10
  1994.7500    7.008E-14     3.865E-12     5.203E-13    -7.025E-13     6.605E-13     2.065E-13     8.372E-10
  1994.8300   -6.017E-12     5.705E-12     1.269E-12    -5.414E-13     5.881E-13     2.267E-13     8.372E-10
  1994.9200   -6.573E-12     7.089E-12     1.574E-12    -3.462E-13     5.122E-13     2.475E-13     8.371E-10
  1995.0000    2.193E-12     7.438E-12     1.414E-12    -1.271E-13     4.329E-13     2.686E-13     8.371E-10
  1995.0800    7.367E-12     5.584E-12     9.066E-13     1.042E-13     3.503E-13     2.902E-13     8.370E-10
  1995.1700    3.474E-12     9.244E-13     2.353E-13     3.347E-13     2.643E-13     3.123E-13     8.369E-10
  1995.2500   -3.813E-12    -4.753E-12    -3.935E-13     5.510E-13     1.750E-13     3.348E-13     8.369E-10
  1995.3300   -5.604E-12    -8.565E-12    -7.729E-13     7.399E-13     8.223E-14     3.578E-13     8.368E-10
  1995.4200   -5.381E-12    -8.420E-12    -7.385E-13     8.886E-13    -1.387E-14     3.813E-13     8.368E-10
  1995.5000    9.992E-13    -4.970E-12    -3.099E-13     9.871E-13    -1.132E-13     4.051E-13     8.367E-10
  1995.5800    5.591E-12    -5.817E-13     3.904E-13     1.031E-12    -2.155E-13     4.295E-13     8.367E-10
  1995.6700    4.811E-12     2.621E-12     1.215E-12     1.022E-12    -3.205E-13     4.543E-13     8.366E-10
  1995.7500   -1.243E-12     4.219E-12     1.964E-12     9.582E-13    -4.280E-13     4.796E-13     8.366E-10
  1995.8300   -5.582E-12     5.153E-12     2.357E-12     8.428E-13    -5.378E-13     5.053E-13     8.365E-10
  1995.9200   -2.733E-12     6.181E-12     2.167E-12     6.783E-13    -6.496E-13     5.316E-13     8.365E-10
  1996.0000    2.682E-12     6.419E-12     1.443E-12     4.746E-13    -7.628E-13     5.582E-13     8.364E-10
  1996.0800    5.460E-12     4.189E-12     3.764E-13     2.467E-13    -8.772E-13     5.854E-13     8.364E-10
  1996.1700    3.199E-12    -8.374E-13    -7.973E-13     1.077E-14    -9.921E-13     6.130E-13     8.363E-10
  1996.2500   -4.606E-12    -6.330E-12    -1.824E-12    -2.173E-13    -1.107E-12     6.411E-13     8.363E-10
  1996.3300   -5.072E-12    -9.050E-12    -2.448E-12    -4.221E-13    -1.222E-12     6.696E-13     8.362E-10
  1996.4200   -2.605E-12    -7.474E-12    -2.478E-12    -5.902E-13    -1.336E-12     6.986E-13     8.362E-10
  1996.5000    4.515E-12    -3.279E-12    -2.005E-12    -7.138E-13    -1.448E-12     7.280E-13     8.361E-10
  1996.5800    5.922E-12     1.000E-12    -1.203E-12    -7.906E-13    -1.559E-12     7.579E-13     8.361E-10
  1996.6700    1.271E-12     3.779E-12    -2.660E-13    -8.204E-13    -1.667E-12     7.882E-13     8.360E-10
  1996.7500   -5.798E-12     5.468E-12     5.459E-13    -8.047E-13    -1.772E-12     8.189E-13     8.360E-10
  1996.8300   -5.369E-12     6.694E-12     9.956E-13    -7.461E-13    -1.872E-12     8.500E-13     8.359E-10
  1996.9200    2.421E-12     7.074E-12     1.029E-12    -6.491E-13    -1.967E-12     8.815E-13     8.359E-10
  1997.0000    6.021E-12     5.552E-12     7.254E-13    -5.195E-13    -2.057E-12     9.133E-13     8.358E-10
  1997.0800    4.918E-12     1.433E-12     2.214E-13    -3.652E-13    -2.140E-12     9.455E-13     8.358E-10
  1997.1700   -7.536E-13    -3.969E-12    -3.088E-13    -1.955E-13    -2.215E-12     9.781E-13     8.357E-10
  1997.2500   -6.833E-12    -8.032E-12    -6.859E-13    -2.039E-14    -2.282E-12     1.011E-12     8.357E-10
  1997.3300   -5.163E-12    -8.565E-12    -7.537E-13     1.489E-13    -2.341E-12     1.044E-12     8.356E-10
  1997.4200    5.122E-13    -5.694E-12    -4.725E-13     3.004E-13    -2.389E-12     1.077E-12     8.356E-10
  1997.5000    5.807E-12    -1.372E-12     6.532E-14     4.236E-13    -2.428E-12     1.110E-12     8.355E-10
  1997.5800    6.184E-12     2.181E-12     7.332E-13     5.104E-13    -2.454E-12     1.144E-12     8.355E-10
  1997.6700    5.118E-13     4.041E-12     1.382E-12     5.546E-13    -2.469E-12     1.178E-12     8.355E-10
  1997.7500   -6.730E-12     4.966E-12     1.803E-12     5.506E-13    -2.471E-12     1.211E-12     8.354E-10
  1997.8300   -5.547E-12     5.673E-12     1.818E-12     4.944E-13    -2.460E-12     1.245E-12     8.354E-10
  1997.9200    4.696E-13     5.831E-12     1.429E-12     3.873E-13    -2.434E-12     1.278E-12     8.353E-10
  1998.0000    7.686E-12     4.281E-12     7.783E-13     2.371E-13    -2.395E-12     1.312E-12     8.353E-10
  1998.0800    4.573E-12     4.019E-13     3.693E-14     5.391E-14    -2.341E-12     1.345E-12     8.352E-10
  1998.1700   -2.361E-12    -4.438E-12    -6.253E-13    -1.520E-13    -2.272E-12     1.378E-12     8.352E-10
  1998.2500   -7.422E-12    -7.763E-12    -1.046E-12    -3.700E-13    -2.189E-12     1.411E-12     8.351E-10
  1998.3300   -4.156E-12    -7.668E-12    -1.102E-12    -5.890E-13    -2.091E-12     1.443E-12     8.351E-10
  1998.4200    3.125E-12    -4.707E-12    -8.309E-13    -7.987E-13    -1.977E-12     1.475E-12     8.350E-10
  1998.5000    6.985E-12    -8.532E-13    -3.570E-13    -9.897E-13    -1.849E-12     1.506E-12     8.350E-10
  1998.5800    4.678E-12     2.163E-12     1.741E-13    -1.154E-12    -1.707E-12     1.537E-12     8.350E-10
  1998.6700   -1.555E-12     4.050E-12     5.918E-13    -1.285E-12    -1.549E-12     1.567E-12     8.349E-10
  1998.7500   -8.365E-12     5.512E-12     7.147E-13    -1.376E-12    -1.378E-12     1.597E-12     8.349E-10
  1998.8300   -2.956E-12     6.431E-12     4.382E-13    -1.421E-12    -1.192E-12     1.626E-12     8.348E-10
  1998.9200    6.728E-12     5.871E-12    -1.436E-13    -1.420E-12    -9.930E-13     1.654E-12     8.348E-10
  1999.0000    8.057E-12     2.910E-12    -8.570E-13    -1.372E-12    -7.821E-13     1.681E-12     8.347E-10
  1999.0800    2.305E-13    -1.901E-12    -1.505E-12    -1.279E-12    -5.604E-13     1.707E-12     8.347E-10
  1999.1700   -5.108E-12    -6.443E-12    -1.902E-12    -1.143E-12    -3.295E-13     1.732E-12     8.347E-10
  1999.2500   -6.991E-12    -8.312E-12    -1.874E-12    -9.668E-13    -9.107E-14     1.756E-12     8.346E-10
  1999.3300   -3.070E-12    -6.315E-12    -1.324E-12    -7.575E-13     1.530E-13     1.778E-12     8.346E-10
  1999.4200    5.080E-12    -2.073E-12    -4.034E-13    -5.249E-13     4.007E-13     1.800E-12     8.345E-10
  1999.5000    5.159E-12     1.853E-12     6.740E-13    -2.790E-13     6.502E-13     1.820E-12     8.345E-10
  1999.5800    1.687E-12     3.888E-12     1.679E-12    -3.049E-14     8.995E-13     1.839E-12     8.345E-10
  1999.6700   -3.080E-12     4.630E-12     2.342E-12     2.098E-13     1.146E-12     1.856E-12     8.344E-10
  1999.7500   -5.652E-12     5.329E-12     2.415E-12     4.307E-13     1.389E-12     1.872E-12     8.344E-10
  1999.8300   -1.028E-12     5.877E-12     1.861E-12     6.233E-13     1.625E-12     1.886E-12     8.343E-10
  1999.9200    6.045E-12     4.746E-12     8.973E-13     7.844E-13     1.852E-12     1.898E-12     8.343E-10
  2000.0000    5.465E-12     8.361E-13    -1.905E-13     9.130E-13     2.069E-12     1.909E-12     8.343E-10
  2000.0800   -1.634E-12    -4.486E-12    -1.149E-12     1.008E-12     2.273E-12     1.918E-12     8.342E-10
  2000.1700   -6.811E-12    -8.435E-12    -1.736E-12     1.070E-12     2.462E-12     1.925E-12     8.342E-10
  2000.2500   -5.226E-12    -8.554E-12    -1.753E-12     1.098E-12     2.634E-12     1.930E-12     8.341E-10
  2000.3300    1.321E-13    -4.897E-12    -1.213E-12     1.097E-12     2.788E-12     1.933E-12     8.341E-10
  2000.4200    6.737E-12     9.438E-14    -3.132E-13     1.070E-12     2.922E-12     1.934E-12     8.341E-10
  2000.5000    4.864E-12     3.809E-12     7.069E-13     1.024E-12     3.035E-12     1.933E-12     8.340E-10
  2000.5800    8.251E-13     5.376E-12     1.598E-12     9.636E-13     3.126E-12     1.930E-12     8.340E-10
  2000.6700   -5.228E-12     5.985E-12     2.086E-12     8.934E-13     3.193E-12     1.924E-12     8.339E-10
  2000.7500   -5.808E-12     6.518E-12     1.964E-12     8.190E-13     3.235E-12     1.916E-12     8.339E-10
  2000.8300    2.253E-12     6.284E-12     1.289E-12     7.488E-13     3.253E-12     1.906E-12     8.339E-10
  2000.9200    6.268E-12     3.847E-12     2.857E-13     6.906E-13     3.245E-12     1.893E-12     8.338E-10
  2001.0000    3.586E-12    -1.167E-12    -7.920E-13     6.513E-13     3.212E-12     1.878E-12     8.338E-10
  2001.0800   -3.773E-12    -6.659E-12    -1.707E-12     6.362E-13     3.153E-12     1.861E-12     8.338E-10
  2001.1700   -6.524E-12    -9.721E-12    -2.233E-12     6.490E-13     3.070E-12     1.841E-12     8.337E-10
  2001.2500   -2.705E-12    -8.530E-12    -2.205E-12     6.906E-13     2.963E-12     1.820E-12     8.337E-10
  2001.3300    1.538E-12    -4.176E-12    -1.693E-12     7.555E-13     2.834E-12     1.795E-12     8.337E-10
  2001.4200    6.925E-12     8.183E-13    -8.666E-13     8.349E-13     2.682E-12     1.769E-12     8.336E-10
  2001.5000    4.071E-12     4.473E-12     9.154E-14     9.191E-13     2.512E-12     1.741E-12     8.336E-10
  2001.5800   -4.219E-12     6.422E-12     9.787E-13     9.980E-13     2.322E-12     1.711E-12     8.335E-10
  2001.6700   -6.601E-12     7.247E-12     1.577E-12     1.061E-12     2.117E-12     1.679E-12     8.335E-10
  2001.7500   -2.017E-12     7.241E-12     1.753E-12     1.100E-12     1.897E-12     1.645E-12     8.335E-10
  2001.8300    6.370E-12     5.727E-12     1.575E-12     1.108E-12     1.665E-12     1.610E-12     8.334E-10
  2001.9200    7.163E-12     2.019E-12     1.179E-12     1.084E-12     1.423E-12     1.573E-12     8.334E-10
  2002.0000   -7.564E-13    -3.134E-12     7.030E-13     1.023E-12     1.172E-12     1.534E-12     8.334E-10
  2002.0800   -5.880E-12    -7.677E-12     2.714E-13     9.239E-13     9.154E-13     1.494E-12     8.333E-10
  2002.1700   -8.193E-12    -9.417E-12     3.700E-15     7.848E-13     6.547E-13     1.452E-12     8.333E-10
  2002.2500   -1.144E-12    -7.514E-12    -1.970E-14     6.050E-13     3.919E-13     1.409E-12     8.333E-10
  2002.3300    4.284E-12    -3.420E-12     1.588E-13     3.877E-13     1.287E-13     1.365E-12     8.333E-10
  2002.4200    8.460E-12     8.212E-13     4.578E-13     1.388E-13    -1.330E-13     1.320E-12     8.332E-10
  2002.5000    4.759E-12     4.019E-12     7.761E-13    -1.340E-13    -3.913E-13     1.274E-12     8.332E-10
  2002.5800   -4.629E-12     6.149E-12     9.749E-13    -4.225E-13    -6.448E-13     1.226E-12     8.332E-10
  2002.6700   -8.383E-12     7.335E-12     9.259E-13    -7.180E-13    -8.916E-13     1.178E-12     8.331E-10
  2002.7500    1.469E-12     7.306E-12     5.926E-13    -1.010E-12    -1.130E-12     1.129E-12     8.331E-10
  2002.8300    7.241E-12     5.440E-12     5.085E-14    -1.287E-12    -1.360E-12     1.079E-12     8.331E-10
  2002.9200    5.420E-12     1.227E-12    -5.734E-13    -1.535E-12    -1.578E-12     1.029E-12     8.330E-10
  2003.0000   -1.562E-12    -4.146E-12    -1.133E-12    -1.742E-12    -1.784E-12     9.779E-13     8.330E-10
  2003.0800   -6.027E-12    -8.225E-12    -1.477E-12    -1.897E-12    -1.977E-12     9.264E-13     8.330E-10
  2003.1700   -5.077E-12    -8.837E-12    -1.479E-12    -1.990E-12    -2.156E-12     8.744E-13     8.329E-10
  2003.2500    7.192E-13    -5.989E-12    -1.129E-12    -2.018E-12    -2.320E-12     8.221E-13     8.329E-10
  2003.3300    5.496E-12    -1.702E-12    -5.517E-13    -1.982E-12    -2.469E-12     7.696E-13     8.329E-10
  2003.4200    5.205E-12     1.860E-12     1.003E-13    -1.884E-12    -2.602E-12     7.169E-13     8.329E-10
  2003.5000    1.439E-12     4.053E-12     6.554E-13    -1.729E-12    -2.719E-12     6.641E-13     8.328E-10
  2003.5800   -7.234E-12     5.660E-12     9.221E-13    -1.526E-12    -2.822E-12     6.113E-13     8.328E-10
  2003.6700   -5.580E-12     6.760E-12     7.723E-13    -1.282E-12    -2.909E-12     5.585E-13     8.328E-10
  2003.7500    5.464E-12     6.600E-12     2.767E-13    -1.008E-12    -2.982E-12     5.060E-13     8.328E-10
  2003.8300    8.883E-12     4.217E-12    -3.953E-13    -7.128E-13    -3.042E-12     4.537E-13     8.327E-10
  2003.9200    4.533E-12    -3.789E-13    -1.061E-12    -4.073E-13    -3.090E-12     4.018E-13     8.327E-10
  2004.0000   -4.994E-12    -5.329E-12    -1.554E-12    -1.014E-13    -3.127E-12     3.502E-13     8.327E-10
  2004.0800   -9.474E-12    -8.284E-12    -1.713E-12     1.946E-13    -3.153E-12     2.993E-13     8.326E-10
  2004.1700   -4.096E-12    -7.660E-12    -1.422E-12     4.698E-13    -3.169E-12     2.489E-13     8.326E-10
  2004.2500    4.271E-12    -4.470E-12    -7.370E-13     7.139E-13    -3.177E-12     1.992E-13     8.326E-10
  2004.3300    7.916E-12    -5.822E-13     1.945E-13     9.191E-13    -3.177E-12     1.503E-13     8.326E-10
  2004.4200    4.496E-12     2.456E-12     1.202E-12     1.079E-12    -3.171E-12     1.023E-13     8.325E-10
  2004.5000   -2.434E-12     4.272E-12     2.086E-12     1.190E-12    -3.160E-12     5.529E-14     8.325E-10
  2004.5800   -7.302E-12     5.470E-12     2.626E-12     1.246E-12    -3.144E-12     9.294E-15     8.325E-10
  2004.6700   -3.443E-12     6.331E-12     2.657E-12     1.247E-12    -3.125E-12    -3.558E-14     8.325E-10
  2004.7500    5.350E-12     5.956E-12     2.224E-12     1.196E-12    -3.103E-12    -7.924E-14     8.325E-10
  2004.8300    6.698E-12     3.217E-12     1.469E-12     1.103E-12    -3.079E-12    -1.216E-13     8.324E-10
  2004.9200    1.059E-12    -1.539E-12     5.729E-13     9.766E-13    -3.053E-12    -1.626E-13     8.324E-10
  2005.0000   -4.634E-12    -6.256E-12    -2.852E-13     8.267E-13    -3.026E-12    -2.022E-13     8.324E-10
  2005.0800   -6.545E-12    -8.571E-12    -9.313E-13     6.627E-13    -2.998E-12    -2.404E-13     8.324E-10
  2005.1700   -2.851E-12    -7.272E-12    -1.233E-12     4.939E-13    -2.969E-12    -2.770E-13     8.323E-10
  2005.2500    4.940E-12    -3.606E-12    -1.227E-12     3.284E-13    -2.939E-12    -3.120E-13     8.323E-10
  2005.3300    6.718E-12     3.271E-13    -1.004E-12     1.733E-13    -2.909E-12    -3.454E-13     8.323E-10
  2005.4200    1.587E-12     3.309E-12    -6.817E-13     3.456E-14    -2.879E-12    -3.772E-13     8.323E-10
  2005.5000   -6.876E-12     5.496E-12    -4.295E-13    -8.266E-14    -2.847E-12    -4.073E-13     8.323E-10
  2005.5800   -6.032E-12     6.887E-12    -3.960E-13    -1.744E-13    -2.816E-12    -4.357E-13     8.322E-10
  2005.6700    3.311E-12     7.074E-12    -5.808E-13    -2.391E-13    -2.783E-12    -4.625E-13     8.322E-10
  2005.7500    7.442E-12     5.143E-12    -8.951E-13    -2.779E-13    -2.750E-12    -4.876E-13     8.322E-10
  2005.8300    6.381E-12     6.238E-13    -1.224E-12    -2.929E-13    -2.715E-12    -5.109E-13     8.322E-10
  2005.9200   -1.427E-12    -4.866E-12    -1.433E-12    -2.873E-13    -2.679E-12    -5.327E-13     8.322E-10
  2006.0000   -8.871E-12    -8.789E-12    -1.381E-12    -2.645E-13    -2.641E-12    -5.527E-13     8.321E-10
  2006.0800   -6.319E-12    -9.113E-12    -9.639E-13    -2.294E-13    -2.601E-12    -5.711E-13     8.321E-10
  2006.1700    1.808E-12    -6.214E-12    -2.131E-13    -1.880E-13    -2.559E-12    -5.879E-13     8.321E-10
  2006.2500    8.232E-12    -2.049E-12     7.405E-13    -1.455E-13    -2.514E-12    -6.031E-13     8.321E-10
  2006.3300    6.000E-12     1.476E-12     1.737E-12    -1.069E-13    -2.466E-12    -6.167E-13     8.321E-10
  2006.4200   -7.592E-13     3.844E-12     2.574E-12    -7.693E-14    -2.415E-12    -6.286E-13     8.321E-10
  2006.5000   -8.376E-12     5.681E-12     3.013E-12    -6.010E-14    -2.361E-12    -6.390E-13     8.320E-10
  2006.5800   -2.850E-12     7.127E-12     2.876E-12    -5.993E-14    -2.302E-12    -6.479E-13     8.320E-10
  2006.6700    3.174E-12     7.401E-12     2.186E-12    -7.542E-14    -2.240E-12    -6.552E-13     8.320E-10
  2006.7500    6.315E-12     5.178E-12     1.101E-12    -1.025E-13    -2.173E-12    -6.609E-13     8.320E-10
  2006.8300    3.738E-12     3.005E-13    -1.449E-13    -1.364E-13    -2.103E-12    -6.652E-13     8.320E-10
  2006.9200   -2.651E-12    -5.293E-12    -1.285E-12    -1.723E-13    -2.028E-12    -6.679E-13     8.320E-10
  2007.0000   -4.725E-12    -8.679E-12    -2.049E-12    -2.051E-13    -1.949E-12    -6.692E-13     8.319E-10
  2007.0800   -2.786E-12    -7.905E-12    -2.227E-12    -2.303E-13    -1.866E-12    -6.690E-13     8.319E-10
  2007.1700    2.076E-12    -4.032E-12    -1.861E-12    -2.458E-13    -1.779E-12    -6.673E-13     8.319E-10
  2007.2500    4.966E-12     2.380E-13    -1.101E-12    -2.506E-13    -1.689E-12    -6.642E-13     8.319E-10
  2007.3300    1.322E-12     2.877E-12    -1.343E-13    -2.447E-13    -1.595E-12    -6.596E-13     8.319E-10
  2007.4200   -1.722E-12     4.105E-12     7.615E-13    -2.282E-13    -1.497E-12    -6.537E-13     8.319E-10
  2007.5000   -6.119E-12     5.413E-12     1.273E-12    -2.019E-13    -1.396E-12    -6.463E-13     8.319E-10
  2007.5800   -1.778E-12     6.653E-12     1.260E-12    -1.670E-13    -1.292E-12    -6.375E-13     8.319E-10
  2007.6700    7.080E-12     6.276E-12     8.171E-13    -1.242E-13    -1.185E-12    -6.274E-13     8.318E-10
  2007.7500    5.648E-12     2.968E-12     1.103E-13    -7.260E-14    -1.076E-12    -6.159E-13     8.318E-10
  2007.8300   -4.955E-13    -2.279E-12    -6.557E-13    -1.117E-14    -9.631E-13    -6.031E-13     8.318E-10
  2007.9200   -6.696E-12    -7.037E-12    -1.271E-12     6.066E-14    -8.480E-13    -5.890E-13     8.318E-10
  2008.0000   -7.251E-12    -8.938E-12    -1.534E-12     1.425E-13    -7.306E-13    -5.735E-13     8.318E-10
  2008.0800   -1.281E-12    -7.177E-12    -1.322E-12     2.316E-13    -6.110E-13    -5.567E-13     8.318E-10
  2008.1700    6.054E-12    -3.296E-12    -7.321E-13     3.217E-13    -4.892E-13    -5.387E-13     8.318E-10
  2008.2500    7.415E-12     6.860E-13     6.497E-14     4.072E-13    -3.655E-13    -5.194E-13     8.318E-10
  2008.3300    1.923E-12     3.634E-12     8.869E-13     4.838E-13    -2.399E-13    -4.988E-13     8.318E-10
  2008.4200   -5.770E-12     5.708E-12     1.531E-12     5.475E-13    -1.126E-13    -4.770E-13     8.318E-10
  2008.5000   -6.872E-12     7.167E-12     1.814E-12     5.943E-13     1.622E-14    -4.539E-13     8.317E-10
  2008.5800    3.027E-12     7.506E-12     1.703E-12     6.215E-13     1.465E-13    -4.297E-13     8.317E-10
  2008.6700    7.314E-12     5.639E-12     1.298E-12     6.290E-13     2.781E-13    -4.042E-13     8.317E-10
  2008.7500    4.321E-12     1.121E-12     7.414E-13     6.180E-13     4.107E-13    -3.776E-13     8.317E-10
  2008.8300   -2.692E-12    -4.437E-12     1.786E-13     5.893E-13     5.443E-13    -3.498E-13     8.317E-10
  2008.9200   -6.929E-12    -8.563E-12    -2.534E-13     5.437E-13     6.785E-13    -3.208E-13     8.317E-10
  2009.0000   -6.586E-12    -9.227E-12    -4.376E-13     4.821E-13     8.132E-13    -2.907E-13     8.317E-10
  2009.0800    9.402E-13    -6.492E-12    -3.499E-13     4.069E-13     9.483E-13    -2.595E-13     8.317E-10
  2009.1700    7.397E-12    -2.260E-12    -6.397E-14     3.226E-13     1.083E-12    -2.272E-13     8.317E-10
  2009.2500    6.585E-12     1.469E-12     3.180E-13     2.349E-13     1.219E-12    -1.937E-13     8.317E-10
  2009.3300   -3.702E-13     3.845E-12     6.707E-13     1.495E-13     1.354E-12    -1.592E-13     8.317E-10
  2009.4200   -6.895E-12     5.484E-12     8.240E-13     7.170E-14     1.488E-12    -1.237E-13     8.317E-10
  2009.5000   -6.222E-12     6.927E-12     6.366E-13     6.042E-15     1.623E-12    -8.703E-14     8.317E-10
  2009.5800    5.220E-12     7.271E-12     1.267E-13    -4.433E-14     1.756E-12    -4.936E-14     8.317E-10
  2009.6700    6.810E-12     5.065E-12    -6.126E-13    -7.918E-14     1.889E-12    -1.068E-14     8.317E-10
  2009.7500    3.849E-12     3.286E-14    -1.453E-12    -9.942E-14     2.020E-12     2.901E-14     8.317E-10
  2009.8300   -3.127E-12    -5.648E-12    -2.248E-12    -1.062E-13     2.150E-12     6.970E-14     8.317E-10
  2009.9200   -6.048E-12    -9.036E-12    -2.847E-12    -1.007E-13     2.279E-12     1.114E-13     8.317E-10
  2010.0000   -4.444E-12    -8.134E-12    -3.124E-12    -8.415E-14     2.406E-12     1.540E-13     8.317E-10
  2010.0800    4.339E-12    -4.078E-12    -3.053E-12    -5.830E-14     2.532E-12     1.976E-13     8.317E-10
  2010.1700    5.314E-12     4.144E-13    -2.657E-12    -2.484E-14     2.655E-12     2.421E-13     8.317E-10
  2010.2500    2.554E-12     3.595E-12    -1.983E-12     1.451E-14     2.777E-12     2.875E-13     8.317E-10
  2010.3300   -4.974E-12     5.721E-12    -1.123E-12     5.802E-14     2.896E-12     3.339E-13     8.317E-10
  2010.4200   -6.290E-12     7.154E-12    -1.882E-13     1.040E-13     3.012E-12     3.811E-13     8.317E-10
  2010.5000    3.970E-12     7.745E-12     7.394E-13     1.506E-13     3.126E-12     4.292E-13     8.317E-10
  2010.5800    8.833E-12     7.095E-12     1.592E-12     1.963E-13     3.237E-12     4.782E-13     8.317E-10
  2010.6700    4.441E-12     5.024E-12     2.303E-12     2.391E-13     3.345E-12     5.280E-13     8.317E-10
  2010.7500   -4.038E-12     2.030E-12     2.806E-12     2.776E-13     3.450E-12     5.787E-13     8.317E-10
  2010.8300   -1.381E-11    -1.133E-12     3.034E-12     3.098E-13     3.552E-12     6.301E-13     8.317E-10
  2010.9200   -1.226E-11    -3.857E-12     2.921E-12     3.341E-13     3.650E-12     6.824E-13     8.317E-10
  2011.0000   -2.477E-12    -5.703E-12     2.399E-12     3.487E-13     3.744E-12     7.355E-13     8.317E-10
  2011.0800    1.132E-11    -6.305E-12     1.402E-12     3.520E-13     3.835E-12     7.893E-13     8.317E-10
  2011.1700    1.726E-11    -5.306E-12    -1.356E-13     3.422E-13     3.921E-12     8.439E-13     8.317E-10

       Time         Err1          Err2          Err3          Err4          Err5          Err6          Err7
  1990.0800    9.247E-12     1.076E-11     6.155E-12     4.049E-12     3.339E-12     1.836E-12     5.461E-12
  1990.1700    7.334E-12     9.456E-12     4.652E-12     3.327E-12     3.173E-12     1.733E-12     5.388E-12
  1990.2500    6.431E-12     8.879E-12     5.463E-12     2.828E-12     3.048E-12     1.650E-12     5.316E-12
  1990.3300    5.681E-12     8.389E-12     6.389E-12     2.552E-12     2.958E-12     1.587E-12     5.245E-12
  1990.4200    5.047E-12     8.441E-12     6.735E-12     2.469E-12     2.898E-12     1.545E-12     5.175E-12
  1990.5000    4.276E-12     8.769E-12     6.492E-12     2.519E-12     2.864E-12     1.521E-12     5.106E-12
  1990.5800    3.872E-12     8.703E-12     5.823E-12     2.638E-12     2.849E-12     1.516E-12     5.039E-12
  1990.6700    4.168E-12     8.195E-12     4.969E-12     2.778E-12     2.848E-12     1.528E-12     4.972E-12
  1990.7500    3.976E-12     7.066E-12     4.215E-12     2.912E-12     2.856E-12     1.553E-12     4.906E-12
  1990.8300    3.933E-12     5.477E-12     3.821E-12     3.024E-12     2.871E-12     1.590E-12     4.842E-12
  1990.9200    3.768E-12     5.585E-12     3.794E-12     3.109E-12     2.888E-12     1.636E-12     4.778E-12
  1991.0000    4.047E-12     5.918E-12     3.851E-12     3.164E-12     2.905E-12     1.690E-12     4.715E-12
  1991.0800    3.758E-12     4.712E-12     3.810E-12     3.192E-12     2.920E-12     1.748E-12     4.654E-12
  1991.1700    3.873E-12     3.850E-12     3.739E-12     3.194E-12     2.933E-12     1.810E-12     4.594E-12
  1991.2500    3.824E-12     3.391E-12     3.786E-12     3.174E-12     2.942E-12     1.875E-12     4.534E-12
  1991.3300    4.035E-12     2.552E-12     4.007E-12     3.135E-12     2.946E-12     1.941E-12     4.476E-12
  1991.4200    4.509E-12     2.656E-12     4.261E-12     3.082E-12     2.946E-12     2.007E-12     4.419E-12
  1991.5000    4.203E-12     2.834E-12     4.318E-12     3.018E-12     2.942E-12     2.072E-12     4.363E-12
  1991.5800    3.682E-12     3.780E-12     4.073E-12     2.948E-12     2.933E-12     2.137E-12     4.308E-12
  1991.6700    4.169E-12     5.358E-12     3.719E-12     2.879E-12     2.920E-12     2.200E-12     4.254E-12
  1991.7500    5.469E-12     5.089E-12     3.551E-12     2.817E-12     2.903E-12     2.261E-12     4.201E-12
  1991.8300    4.288E-12     4.086E-12     3.705E-12     2.764E-12     2.883E-12     2.321E-12     4.149E-12
  1991.9200    4.575E-12     5.700E-12     3.949E-12     2.720E-12     2.861E-12     2.378E-12     4.098E-12
  1992.0000    3.994E-12     6.019E-12     3.871E-12     2.681E-12     2.836E-12     2.433E-12     4.048E-12
  1992.0800    3.783E-12     4.240E-12     3.352E-12     2.642E-12     2.810E-12     2.485E-12     4.000E-12
  1992.1700    4.160E-12     3.182E-12     2.613E-12     2.599E-12     2.783E-12     2.535E-12     3.952E-12
  1992.2500    3.806E-12     2.790E-12     2.168E-12     2.550E-12     2.755E-12     2.583E-12     3.906E-12
  1992.3300    3.827E-12     2.692E-12     2.481E-12     2.492E-12     2.727E-12     2.628E-12     3.860E-12
  1992.4200    4.661E-12     3.231E-12     3.096E-12     2.426E-12     2.700E-12     2.670E-12     3.816E-12
  1992.5000    3.815E-12     3.393E-12     3.423E-12     2.355E-12     2.673E-12     2.711E-12     3.773E-12
  1992.5800    3.717E-12     4.508E-12     3.342E-12     2.289E-12     2.647E-12     2.748E-12     3.730E-12
  1992.6700    4.578E-12     5.298E-12     3.011E-12     2.240E-12     2.622E-12     2.783E-12     3.689E-12
  1992.7500    4.122E-12     4.315E-12     2.718E-12     2.213E-12     2.599E-12     2.816E-12     3.649E-12
  1992.8300    4.085E-12     4.460E-12     2.697E-12     2.207E-12     2.576E-12     2.847E-12     3.610E-12
  1992.9200    4.456E-12     5.720E-12     2.772E-12     2.212E-12     2.555E-12     2.876E-12     3.572E-12
  1993.0000    3.942E-12     4.730E-12     2.616E-12     2.215E-12     2.535E-12     2.902E-12     3.535E-12
  1993.0800    3.780E-12     3.373E-12     2.260E-12     2.206E-12     2.516E-12     2.927E-12     3.499E-12
  1993.1700    4.535E-12     3.496E-12     2.085E-12     2.182E-12     2.498E-12     2.949E-12     3.464E-12
  1993.2500    4.028E-12     2.884E-12     2.495E-12     2.145E-12     2.481E-12     2.970E-12     3.431E-12
  1993.3300    3.927E-12     2.704E-12     3.210E-12     2.098E-12     2.466E-12     2.989E-12     3.398E-12
  1993.4200    4.547E-12     3.127E-12     3.684E-12     2.041E-12     2.451E-12     3.007E-12     3.366E-12
  1993.5000    3.854E-12     3.328E-12     3.604E-12     1.981E-12     2.437E-12     3.023E-12     3.335E-12
  1993.5800    3.913E-12     4.360E-12     3.114E-12     1.929E-12     2.425E-12     3.038E-12     3.305E-12
  1993.6700    4.608E-12     4.788E-12     2.621E-12     1.902E-12     2.415E-12     3.051E-12     3.277E-12
  1993.7500    4.259E-12     4.149E-12     2.616E-12     1.902E-12     2.406E-12     3.063E-12     3.249E-12
  1993.8300    4.239E-12     5.318E-12     3.050E-12     1.924E-12     2.399E-12     3.074E-12     3.222E-12
  1993.9200    3.865E-12     6.109E-12     3.304E-12     1.949E-12     2.394E-12     3.083E-12     3.196E-12
  1994.0000    3.608E-12     4.587E-12     3.006E-12     1.962E-12     2.390E-12     3.092E-12     3.171E-12
  1994.0800    4.143E-12     3.354E-12     2.352E-12     1.961E-12     2.388E-12     3.100E-12     3.147E-12
  1994.1700    4.285E-12     3.551E-12     1.945E-12     1.951E-12     2.387E-12     3.107E-12     3.124E-12
  1994.2500    3.495E-12     3.163E-12     2.369E-12     1.939E-12     2.387E-12     3.113E-12     3.102E-12
  1994.3300    4.160E-12     2.982E-12     3.139E-12     1.928E-12     2.387E-12     3.119E-12     3.081E-12
  1994.4200    3.851E-12     3.118E-12     3.598E-12     1.916E-12     2.388E-12     3.124E-12     3.061E-12
  1994.5000    3.616E-12     3.835E-12     3.511E-12     1.902E-12     2.388E-12     3.128E-12     3.041E-12
  1994.5800    4.339E-12     5.011E-12     3.116E-12     1.891E-12     2.387E-12     3.132E-12     3.023E-12
  1994.6700    3.973E-12     4.807E-12     2.827E-12     1.885E-12     2.385E-12     3.136E-12     3.005E-12
  1994.7500    3.830E-12     4.272E-12     2.934E-12     1.879E-12     2.382E-12     3.139E-12     2.988E-12
  1994.8300    4.716E-12     5.590E-12     3.180E-12     1.864E-12     2.377E-12     3.142E-12     2.972E-12
  1994.9200    3.513E-12     5.283E-12     3.072E-12     1.828E-12     2.370E-12     3.144E-12     2.956E-12
  1995.0000    3.879E-12     3.775E-12     2.611E-12     1.767E-12     2.362E-12     3.147E-12     2.942E-12
  1995.0800    4.165E-12     3.717E-12     2.306E-12     1.691E-12     2.352E-12     3.149E-12     2.928E-12
  1995.1700    3.841E-12     3.455E-12     2.740E-12     1.621E-12     2.342E-12     3.151E-12     2.915E-12
  1995.2500    3.754E-12     3.025E-12     3.630E-12     1.571E-12     2.330E-12     3.153E-12     2.903E-12
  1995.3300    5.096E-12     3.227E-12     4.321E-12     1.545E-12     2.318E-12     3.155E-12     2.891E-12
  1995.4200    3.706E-12     3.269E-12     4.413E-12     1.540E-12     2.305E-12     3.157E-12     2.880E-12
  1995.5000    3.599E-12     4.327E-12     3.932E-12     1.551E-12     2.291E-12     3.158E-12     2.870E-12
  1995.5800    4.113E-12     5.266E-12     3.184E-12     1.577E-12     2.277E-12     3.160E-12     2.860E-12
  1995.6700    4.219E-12     4.539E-12     2.668E-12     1.614E-12     2.262E-12     3.161E-12     2.851E-12
  1995.7500    3.922E-12     4.614E-12     2.811E-12     1.652E-12     2.248E-12     3.163E-12     2.842E-12
  1995.8300    4.034E-12     6.069E-12     3.205E-12     1.674E-12     2.233E-12     3.164E-12     2.834E-12
  1995.9200    4.015E-12     5.320E-12     3.169E-12     1.667E-12     2.218E-12     3.165E-12     2.827E-12
  1996.0000    3.985E-12     3.492E-12     2.646E-12     1.630E-12     2.204E-12     3.166E-12     2.820E-12
  1996.0800    4.309E-12     3.466E-12     2.088E-12     1.578E-12     2.189E-12     3.167E-12     2.814E-12
  1996.1700    3.563E-12     3.111E-12     2.248E-12     1.525E-12     2.174E-12     3.167E-12     2.808E-12
  1996.2500    3.476E-12     2.679E-12     3.033E-12     1.487E-12     2.159E-12     3.168E-12     2.803E-12
  1996.3300    4.881E-12     2.831E-12     3.667E-12     1.472E-12     2.143E-12     3.168E-12     2.798E-12
  1996.4200    3.547E-12     3.328E-12     3.729E-12     1.482E-12     2.127E-12     3.168E-12     2.793E-12
  1996.5000    3.541E-12     4.660E-12     3.359E-12     1.520E-12     2.110E-12     3.167E-12     2.789E-12
  1996.5800    4.326E-12     4.821E-12     2.946E-12     1.580E-12     2.093E-12     3.167E-12     2.786E-12
  1996.6700    3.880E-12     4.224E-12     2.915E-12     1.651E-12     2.075E-12     3.166E-12     2.782E-12
  1996.7500    3.925E-12     5.319E-12     3.210E-12     1.717E-12     2.057E-12     3.164E-12     2.779E-12
  1996.8300    3.708E-12     5.214E-12     3.303E-12     1.762E-12     2.039E-12     3.162E-12     2.777E-12
  1996.9200    3.706E-12     3.897E-12     3.015E-12     1.775E-12     2.021E-12     3.160E-12     2.775E-12
  1997.0000    4.501E-12     3.897E-12     2.613E-12     1.762E-12     2.004E-12     3.157E-12     2.773E-12
  1997.0800    4.158E-12     3.816E-12     2.603E-12     1.739E-12     1.987E-12     3.154E-12     2.771E-12
  1997.1700    3.704E-12     3.045E-12     3.166E-12     1.721E-12     1.972E-12     3.150E-12     2.769E-12
  1997.2500    3.993E-12     2.932E-12     3.837E-12     1.722E-12     1.958E-12     3.146E-12     2.768E-12
  1997.3300    4.398E-12     3.042E-12     4.150E-12     1.745E-12     1.945E-12     3.141E-12     2.767E-12
  1997.4200    3.659E-12     3.896E-12     3.975E-12     1.790E-12     1.935E-12     3.136E-12     2.766E-12
  1997.5000    4.464E-12     5.015E-12     3.502E-12     1.850E-12     1.927E-12     3.131E-12     2.766E-12
  1997.5800    4.575E-12     4.534E-12     3.038E-12     1.917E-12     1.921E-12     3.125E-12     2.766E-12
  1997.6700    4.021E-12     4.145E-12     2.852E-12     1.979E-12     1.918E-12     3.118E-12     2.765E-12
  1997.7500    4.263E-12     5.724E-12     2.866E-12     2.017E-12     1.917E-12     3.111E-12     2.765E-12
  1997.8300    4.320E-12     5.590E-12     2.717E-12     2.015E-12     1.918E-12     3.104E-12     2.765E-12
  1997.9200    3.997E-12     3.681E-12     2.375E-12     1.969E-12     1.922E-12     3.097E-12     2.765E-12
  1998.0000    3.649E-12     3.055E-12     2.222E-12     1.888E-12     1.927E-12     3.089E-12     2.766E-12
  1998.0800    4.159E-12     3.157E-12     2.585E-12     1.787E-12     1.933E-12     3.082E-12     2.766E-12
  1998.1700    4.005E-12     2.960E-12     3.230E-12     1.683E-12     1.941E-12     3.074E-12     2.767E-12
  1998.2500    3.871E-12     3.195E-12     3.708E-12     1.593E-12     1.949E-12     3.066E-12     2.767E-12
  1998.3300    3.752E-12     3.335E-12     3.746E-12     1.527E-12     1.957E-12     3.058E-12     2.768E-12
  1998.4200    3.973E-12     4.242E-12     3.416E-12     1.496E-12     1.964E-12     3.049E-12     2.768E-12
  1998.5000    4.575E-12     4.934E-12     3.010E-12     1.503E-12     1.970E-12     3.041E-12     2.769E-12
  1998.5800    4.848E-12     4.126E-12     2.864E-12     1.538E-12     1.972E-12     3.033E-12     2.770E-12
  1998.6700    4.204E-12     4.549E-12     3.038E-12     1.585E-12     1.971E-12     3.025E-12     2.771E-12
  1998.7500    3.827E-12     5.633E-12     3.180E-12     1.621E-12     1.966E-12     3.018E-12     2.771E-12
  1998.8300    3.961E-12     4.529E-12     2.996E-12     1.630E-12     1.956E-12     3.010E-12     2.772E-12
  1998.9200    3.876E-12     3.273E-12     2.663E-12     1.608E-12     1.940E-12     3.003E-12     2.773E-12
  1999.0000    3.667E-12     3.335E-12     2.603E-12     1.563E-12     1.919E-12     2.995E-12     2.773E-12
  1999.0800    4.208E-12     3.045E-12     2.996E-12     1.510E-12     1.891E-12     2.988E-12     2.774E-12
  1999.1700    4.356E-12     3.019E-12     3.512E-12     1.462E-12     1.858E-12     2.982E-12     2.775E-12
  1999.2500    4.555E-12     3.221E-12     3.715E-12     1.435E-12     1.820E-12     2.975E-12     2.775E-12
  1999.3300    3.479E-12     3.486E-12     3.398E-12     1.442E-12     1.778E-12     2.969E-12     2.776E-12
  1999.4200    3.756E-12     4.459E-12     2.818E-12     1.486E-12     1.734E-12     2.963E-12     2.776E-12
  1999.5000    4.936E-12     4.420E-12     2.463E-12     1.558E-12     1.687E-12     2.957E-12     2.777E-12
  1999.5800    3.722E-12     3.682E-12     2.655E-12     1.640E-12     1.640E-12     2.952E-12     2.777E-12
  1999.6700    4.121E-12     5.433E-12     3.034E-12     1.708E-12     1.593E-12     2.947E-12     2.777E-12
  1999.7500    4.462E-12     6.156E-12     3.035E-12     1.744E-12     1.549E-12     2.941E-12     2.777E-12
  1999.8300    3.855E-12     4.456E-12     2.589E-12     1.738E-12     1.507E-12     2.936E-12     2.777E-12
  1999.9200    3.838E-12     3.536E-12     2.276E-12     1.700E-12     1.469E-12     2.932E-12     2.777E-12
  2000.0000    3.798E-12     3.592E-12     2.684E-12     1.647E-12     1.435E-12     2.927E-12     2.777E-12
  2000.0800    3.913E-12     3.201E-12     3.491E-12     1.596E-12     1.407E-12     2.922E-12     2.777E-12
  2000.1700    3.997E-12     3.211E-12     4.066E-12     1.563E-12     1.384E-12     2.917E-12     2.777E-12
  2000.2500    4.157E-12     3.257E-12     4.040E-12     1.559E-12     1.367E-12     2.913E-12     2.776E-12
  2000.3300    4.061E-12     3.815E-12     3.469E-12     1.595E-12     1.354E-12     2.908E-12     2.776E-12
  2000.4200    4.166E-12     4.776E-12     2.811E-12     1.675E-12     1.344E-12     2.903E-12     2.775E-12
  2000.5000    5.298E-12     4.216E-12     2.674E-12     1.786E-12     1.338E-12     2.898E-12     2.775E-12
  2000.5800    3.634E-12     4.523E-12     3.124E-12     1.911E-12     1.334E-12     2.893E-12     2.774E-12
  2000.6700    4.494E-12     6.522E-12     3.522E-12     2.027E-12     1.330E-12     2.888E-12     2.773E-12
  2000.7500    3.885E-12     6.095E-12     3.381E-12     2.117E-12     1.325E-12     2.883E-12     2.772E-12
  2000.8300    4.073E-12     3.951E-12     2.809E-12     2.175E-12     1.319E-12     2.877E-12     2.771E-12
  2000.9200    4.125E-12     3.521E-12     2.389E-12     2.202E-12     1.311E-12     2.872E-12     2.770E-12
  2001.0000    3.711E-12     3.466E-12     2.698E-12     2.204E-12     1.299E-12     2.866E-12     2.768E-12
  2001.0800    3.886E-12     3.311E-12     3.426E-12     2.183E-12     1.286E-12     2.861E-12     2.767E-12
  2001.1700    4.226E-12     3.498E-12     3.924E-12     2.144E-12     1.270E-12     2.855E-12     2.765E-12
  2001.2500    4.181E-12     3.564E-12     3.845E-12     2.094E-12     1.253E-12     2.850E-12     2.764E-12
  2001.3300    4.002E-12     4.275E-12     3.332E-12     2.041E-12     1.236E-12     2.845E-12     2.762E-12
  2001.4200    3.751E-12     4.759E-12     2.809E-12     1.997E-12     1.221E-12     2.841E-12     2.760E-12
  2001.5000    4.111E-12     4.063E-12     2.740E-12     1.965E-12     1.210E-12     2.837E-12     2.758E-12
  2001.5800    3.897E-12     4.909E-12     3.092E-12     1.941E-12     1.204E-12     2.835E-12     2.756E-12
  2001.6700    4.300E-12     5.916E-12     3.331E-12     1.914E-12     1.204E-12     2.832E-12     2.754E-12
  2001.7500    3.684E-12     4.667E-12     3.112E-12     1.873E-12     1.211E-12     2.831E-12     2.752E-12
  2001.8300    3.779E-12     3.560E-12     2.663E-12     1.818E-12     1.226E-12     2.832E-12     2.750E-12
  2001.9200    3.756E-12     3.656E-12     2.507E-12     1.761E-12     1.249E-12     2.833E-12     2.748E-12
  2002.0000    4.112E-12     3.272E-12     2.937E-12     1.714E-12     1.279E-12     2.836E-12     2.745E-12
  2002.0800    4.573E-12     3.171E-12     3.595E-12     1.687E-12     1.315E-12     2.840E-12     2.743E-12
  2002.1700    3.965E-12     3.303E-12     4.017E-12     1.680E-12     1.356E-12     2.846E-12     2.740E-12
  2002.2500    3.875E-12     3.568E-12     3.960E-12     1.687E-12     1.402E-12     2.853E-12     2.738E-12
  2002.3300    4.196E-12     4.602E-12     3.538E-12     1.702E-12     1.451E-12     2.862E-12     2.735E-12
  2002.4200    4.431E-12     4.733E-12     3.029E-12     1.719E-12     1.501E-12     2.873E-12     2.733E-12
  2002.5000    4.012E-12     3.984E-12     2.761E-12     1.732E-12     1.552E-12     2.885E-12     2.730E-12
  2002.5800    4.015E-12     4.578E-12     2.791E-12     1.731E-12     1.602E-12     2.900E-12     2.728E-12
  2002.6700    3.434E-12     4.857E-12     2.777E-12     1.707E-12     1.650E-12     2.916E-12     2.725E-12
  2002.7500    3.557E-12     3.773E-12     2.520E-12     1.659E-12     1.697E-12     2.934E-12     2.722E-12
  2002.8300    4.195E-12     3.571E-12     2.285E-12     1.601E-12     1.741E-12     2.954E-12     2.720E-12
  2002.9200    3.575E-12     3.589E-12     2.476E-12     1.546E-12     1.782E-12     2.975E-12     2.717E-12
  2003.0000    3.798E-12     2.995E-12     3.032E-12     1.508E-12     1.821E-12     2.998E-12     2.715E-12
  2003.0800    4.200E-12     3.037E-12     3.507E-12     1.496E-12     1.858E-12     3.023E-12     2.712E-12
  2003.1700    4.026E-12     3.178E-12     3.569E-12     1.510E-12     1.894E-12     3.049E-12     2.710E-12
  2003.2500    3.575E-12     4.036E-12     3.240E-12     1.549E-12     1.929E-12     3.077E-12     2.707E-12
  2003.3300    4.206E-12     5.095E-12     2.882E-12     1.608E-12     1.965E-12     3.106E-12     2.705E-12
  2003.4200    4.857E-12     4.518E-12     2.886E-12     1.679E-12     2.001E-12     3.136E-12     2.703E-12
  2003.5000    3.685E-12     4.278E-12     3.224E-12     1.754E-12     2.040E-12     3.167E-12     2.701E-12
  2003.5800    3.817E-12     5.551E-12     3.441E-12     1.821E-12     2.082E-12     3.199E-12     2.699E-12
  2003.6700    3.765E-12     5.047E-12     3.180E-12     1.870E-12     2.128E-12     3.232E-12     2.697E-12
  2003.7500    3.650E-12     3.554E-12     2.572E-12     1.896E-12     2.178E-12     3.265E-12     2.696E-12
  2003.8300    3.863E-12     3.163E-12     2.109E-12     1.902E-12     2.233E-12     3.299E-12     2.694E-12
  2003.9200    4.142E-12     2.758E-12     2.309E-12     1.896E-12     2.293E-12     3.333E-12     2.693E-12
  2004.0000    4.221E-12     2.634E-12     2.945E-12     1.882E-12     2.356E-12     3.367E-12     2.692E-12
  2004.0800    3.876E-12     2.952E-12     3.438E-12     1.866E-12     2.424E-12     3.401E-12     2.691E-12
  2004.1700    4.156E-12     3.295E-12     3.472E-12     1.853E-12     2.495E-12     3.435E-12     2.690E-12
  2004.2500    4.086E-12     4.400E-12     3.126E-12     1.851E-12     2.568E-12     3.469E-12     2.690E-12
  2004.3300    4.947E-12     4.805E-12     2.665E-12     1.866E-12     2.643E-12     3.502E-12     2.690E-12
  2004.4200    4.560E-12     3.667E-12     2.420E-12     1.896E-12     2.718E-12     3.534E-12     2.690E-12
  2004.5000    4.063E-12     4.259E-12     2.527E-12     1.936E-12     2.792E-12     3.565E-12     2.691E-12
  2004.5800    4.425E-12     5.772E-12     2.674E-12     1.972E-12     2.864E-12     3.596E-12     2.691E-12
  2004.6700    3.888E-12     4.764E-12     2.504E-12     1.993E-12     2.933E-12     3.625E-12     2.693E-12
  2004.7500    3.720E-12     3.320E-12     2.139E-12     1.994E-12     2.999E-12     3.653E-12     2.694E-12
  2004.8300    3.764E-12     3.366E-12     2.021E-12     1.982E-12     3.062E-12     3.679E-12     2.696E-12
  2004.9200    3.685E-12     3.013E-12     2.454E-12     1.967E-12     3.119E-12     3.704E-12     2.698E-12
  2005.0000    3.936E-12     2.834E-12     3.097E-12     1.959E-12     3.172E-12     3.727E-12     2.701E-12
  2005.0800    4.345E-12     2.954E-12     3.478E-12     1.967E-12     3.221E-12     3.749E-12     2.704E-12
  2005.1700    3.659E-12     3.303E-12     3.368E-12     1.993E-12     3.265E-12     3.768E-12     2.708E-12
  2005.2500    3.682E-12     4.369E-12     2.985E-12     2.039E-12     3.304E-12     3.786E-12     2.712E-12
  2005.3300    4.102E-12     4.285E-12     2.773E-12     2.100E-12     3.338E-12     3.802E-12     2.717E-12
  2005.4200    3.869E-12     4.092E-12     3.047E-12     2.168E-12     3.368E-12     3.815E-12     2.722E-12
  2005.5000    3.678E-12     5.463E-12     3.502E-12     2.229E-12     3.394E-12     3.827E-12     2.728E-12
  2005.5800    3.769E-12     5.158E-12     3.582E-12     2.272E-12     3.415E-12     3.837E-12     2.734E-12
  2005.6700    3.514E-12     3.632E-12     3.173E-12     2.291E-12     3.432E-12     3.844E-12     2.741E-12
  2005.7500    4.984E-12     3.786E-12     2.570E-12     2.291E-12     3.446E-12     3.850E-12     2.749E-12
  2005.8300    3.984E-12     3.579E-12     2.356E-12     2.281E-12     3.455E-12     3.853E-12     2.757E-12
  2005.9200    4.185E-12     2.753E-12     2.846E-12     2.269E-12     3.461E-12     3.855E-12     2.766E-12
  2006.0000    3.740E-12     3.081E-12     3.484E-12     2.265E-12     3.464E-12     3.854E-12     2.775E-12
  2006.0800    4.119E-12     3.490E-12     3.734E-12     2.274E-12     3.465E-12     3.852E-12     2.785E-12
  2006.1700    4.039E-12     4.318E-12     3.540E-12     2.301E-12     3.463E-12     3.847E-12     2.796E-12
  2006.2500    4.433E-12     5.018E-12     3.119E-12     2.348E-12     3.458E-12     3.841E-12     2.808E-12
  2006.3300    4.668E-12     4.100E-12     2.806E-12     2.409E-12     3.452E-12     3.833E-12     2.820E-12
  2006.4200    4.087E-12     4.645E-12     2.826E-12     2.476E-12     3.443E-12     3.823E-12     2.834E-12
  2006.5000    3.652E-12     6.267E-12     2.930E-12     2.536E-12     3.433E-12     3.810E-12     2.848E-12
  2006.5800    4.220E-12     5.406E-12     2.711E-12     2.579E-12     3.422E-12     3.796E-12     2.862E-12
  2006.6700    4.108E-12     3.570E-12     2.202E-12     2.602E-12     3.408E-12     3.781E-12     2.878E-12
  2006.7500    4.203E-12     3.389E-12     1.914E-12     2.607E-12     3.394E-12     3.763E-12     2.894E-12
  2006.8300    3.726E-12     3.251E-12     2.415E-12     2.603E-12     3.379E-12     3.743E-12     2.912E-12
  2006.9200    3.892E-12     3.030E-12     3.290E-12     2.595E-12     3.362E-12     3.722E-12     2.930E-12
  2007.0000    4.416E-12     3.302E-12     3.875E-12     2.591E-12     3.345E-12     3.699E-12     2.949E-12
  2007.0800    3.445E-12     3.528E-12     3.825E-12     2.596E-12     3.328E-12     3.674E-12     2.969E-12
  2007.1700    3.697E-12     4.424E-12     3.275E-12     2.618E-12     3.310E-12     3.647E-12     2.990E-12
  2007.2500    4.042E-12     4.611E-12     2.692E-12     2.659E-12     3.292E-12     3.619E-12     3.012E-12
  2007.3300    4.160E-12     3.668E-12     2.728E-12     2.719E-12     3.274E-12     3.589E-12     3.035E-12
  2007.4200    4.200E-12     5.167E-12     3.336E-12     2.790E-12     3.256E-12     3.556E-12     3.058E-12
  2007.5000    3.768E-12     6.269E-12     3.729E-12     2.861E-12     3.238E-12     3.523E-12     3.083E-12
  2007.5800    3.572E-12     4.817E-12     3.511E-12     2.922E-12     3.220E-12     3.487E-12     3.109E-12
  2007.6700    3.212E-12     3.226E-12     2.828E-12     2.966E-12     3.203E-12     3.450E-12     3.136E-12
  2007.7500    4.058E-12     3.047E-12     2.189E-12     2.990E-12     3.185E-12     3.410E-12     3.163E-12
  2007.8300    3.990E-12     2.818E-12     2.350E-12     2.997E-12     3.167E-12     3.369E-12     3.192E-12
  2007.9200    4.231E-12     2.946E-12     3.099E-12     2.987E-12     3.150E-12     3.327E-12     3.222E-12
  2008.0000    4.233E-12     2.971E-12     3.656E-12     2.965E-12     3.132E-12     3.282E-12     3.252E-12
  2008.0800    3.779E-12     3.614E-12     3.664E-12     2.939E-12     3.115E-12     3.236E-12     3.284E-12
  2008.1700    3.961E-12     5.017E-12     3.284E-12     2.919E-12     3.098E-12     3.188E-12     3.317E-12
  2008.2500    4.942E-12     4.872E-12     2.861E-12     2.912E-12     3.080E-12     3.139E-12     3.351E-12
  2008.3300    3.684E-12     4.018E-12     2.689E-12     2.924E-12     3.062E-12     3.088E-12     3.386E-12
  2008.4200    4.420E-12     5.399E-12     2.714E-12     2.951E-12     3.044E-12     3.035E-12     3.422E-12
  2008.5000    3.745E-12     5.515E-12     2.600E-12     2.988E-12     3.026E-12     2.980E-12     3.458E-12
  2008.5800    3.766E-12     3.935E-12     2.318E-12     3.024E-12     3.007E-12     2.924E-12     3.496E-12
  2008.6700    4.015E-12     3.334E-12     2.217E-12     3.056E-12     2.988E-12     2.867E-12     3.536E-12
  2008.7500    4.352E-12     3.105E-12     2.591E-12     3.081E-12     2.968E-12     2.808E-12     3.576E-12
  2008.8300    4.488E-12     2.964E-12     3.246E-12     3.097E-12     2.948E-12     2.748E-12     3.617E-12
  2008.9200    5.116E-12     3.293E-12     3.790E-12     3.105E-12     2.928E-12     2.687E-12     3.659E-12
  2009.0000    4.090E-12     3.171E-12     3.946E-12     3.107E-12     2.907E-12     2.625E-12     3.702E-12
  2009.0800    3.845E-12     3.811E-12     3.684E-12     3.106E-12     2.886E-12     2.563E-12     3.747E-12
  2009.1700    4.121E-12     4.954E-12     3.241E-12     3.107E-12     2.866E-12     2.500E-12     3.792E-12
  2009.2500    4.589E-12     4.628E-12     2.981E-12     3.115E-12     2.846E-12     2.437E-12     3.839E-12
  2009.3300    4.045E-12     4.504E-12     3.142E-12     3.130E-12     2.826E-12     2.374E-12     3.886E-12
  2009.4200    4.703E-12     5.841E-12     3.472E-12     3.151E-12     2.808E-12     2.312E-12     3.935E-12
  2009.5000    3.758E-12     4.979E-12     3.554E-12     3.175E-12     2.791E-12     2.251E-12     3.984E-12
  2009.5800    3.535E-12     3.325E-12     3.363E-12     3.200E-12     2.777E-12     2.193E-12     4.035E-12
  2009.6700    4.952E-12     3.601E-12     3.118E-12     3.227E-12     2.767E-12     2.137E-12     4.087E-12
  2009.7500    3.938E-12     3.011E-12     3.110E-12     3.261E-12     2.761E-12     2.084E-12     4.139E-12
  2009.8300    3.756E-12     2.465E-12     3.433E-12     3.302E-12     2.761E-12     2.037E-12     4.193E-12
  2009.9200    4.442E-12     2.866E-12     3.860E-12     3.351E-12     2.769E-12     1.995E-12     4.248E-12
  2010.0000    3.466E-12     2.866E-12     4.117E-12     3.407E-12     2.787E-12     1.960E-12     4.304E-12
  2010.0800    3.038E-12     4.295E-12     4.148E-12     3.465E-12     2.816E-12     1.934E-12     4.361E-12
  2010.1700    4.715E-12     5.216E-12     4.056E-12     3.520E-12     2.859E-12     1.917E-12     4.419E-12
  2010.2500    3.590E-12     4.872E-12     4.035E-12     3.565E-12     2.919E-12     1.912E-12     4.478E-12
  2010.3300    4.237E-12     5.773E-12     4.255E-12     3.593E-12     2.996E-12     1.919E-12     4.538E-12
  2010.4200    3.346E-12     6.663E-12     4.703E-12     3.596E-12     3.094E-12     1.939E-12     4.599E-12
  2010.5000    3.875E-12     6.723E-12     5.265E-12     3.570E-12     3.215E-12     1.975E-12     4.661E-12
  2010.5800    3.891E-12     6.557E-12     5.794E-12     3.515E-12     3.361E-12     2.025E-12     4.724E-12
  2010.6700    4.703E-12     6.328E-12     6.131E-12     3.438E-12     3.533E-12     2.091E-12     4.788E-12
  2010.7500    6.537E-12     6.921E-12     6.132E-12     3.355E-12     3.732E-12     2.172E-12     4.853E-12
  2010.8300    8.017E-12     8.173E-12     5.696E-12     3.300E-12     3.960E-12     2.269E-12     4.919E-12
  2010.9200    7.973E-12     8.857E-12     4.877E-12     3.331E-12     4.217E-12     2.381E-12     4.987E-12
  2011.0000    6.330E-12     8.359E-12     4.282E-12     3.517E-12     4.505E-12     2.508E-12     5.055E-12
  2011.0800    5.843E-12     7.622E-12     5.549E-12     3.928E-12     4.823E-12     2.648E-12     5.124E-12
  2011.1700    1.414E-11     1.123E-11     9.338E-12     4.606E-12     5.171E-12     2.802E-12     5.194E-12

         Freq      HH.IMF1       HH.IMF2       HH.IMF3       HH.IMF4       HH.IMF5       HH.IMF6
      0.04983        0.000         0.000         0.000         0.000     3.021E-24     6.082E-24
      0.05489        0.000         0.000         0.000         0.000     5.287E-24     6.082E-24
      0.06047        0.000         0.000         0.000         0.000     4.532E-24     4.258E-23
      0.06662        0.000         0.000         0.000         0.000     5.287E-24     3.345E-23
      0.07339        0.000         0.000         0.000     1.670E-25     9.063E-24     2.737E-23
      0.08085        0.000         0.000         0.000         0.000     2.341E-23     2.585E-23
      0.08906        0.000         0.000         0.000     8.348E-26     9.063E-24     2.281E-23
      0.09812        0.000         0.000     7.702E-26         0.000     9.063E-24     1.521E-23
       0.1081        0.000         0.000         0.000     8.348E-26     2.039E-23     1.825E-23
       0.1191        0.000         0.000         0.000     1.670E-25     1.284E-23     2.281E-23
       0.1312        0.000         0.000         0.000     1.670E-25     1.737E-23     2.585E-23
       0.1445        0.000         0.000         0.000     1.670E-25     1.888E-23     1.521E-24
       0.1592        0.000         0.000     7.702E-26     2.505E-25     2.417E-23     3.041E-24
       0.1754        0.000         0.000         0.000     3.339E-25     7.553E-24     6.082E-24
       0.1932        0.000         0.000     7.702E-26     3.339E-25         0.000     4.562E-24
       0.2129        0.000         0.000         0.000     3.339E-25     7.553E-25     3.041E-24
       0.2345        0.000         0.000         0.000     1.002E-24         0.000     7.603E-24
       0.2583        0.000         0.000         0.000     7.514E-25         0.000     3.041E-24
       0.2846        0.000         0.000         0.000     1.586E-24         0.000     7.603E-24
       0.3135        0.000         0.000     7.702E-26     3.005E-24         0.000     3.041E-24
       0.3454        0.000         0.000         0.000     2.755E-24         0.000         0.000
       0.3805        0.000         0.000         0.000     2.171E-24         0.000         0.000
       0.4192        0.000         0.000         0.000     2.671E-24         0.000         0.000
       0.4618        0.000     1.302E-24     1.540E-25     1.419E-24         0.000         0.000
       0.5087        0.000     1.302E-24     7.702E-26     1.085E-24         0.000         0.000
       0.5604        0.000     5.209E-24     7.702E-25     8.348E-25         0.000         0.000
       0.6174        0.000     1.954E-23     3.851E-25     4.174E-25         0.000         0.000
       0.6801        0.000     2.605E-23     8.472E-25     3.339E-25         0.000         0.000
       0.7492        0.000     2.735E-23     2.311E-24     1.670E-25         0.000         0.000
       0.8254        0.000     2.995E-23     4.082E-24     1.670E-25         0.000         0.000
       0.9093        0.000     3.256E-23     3.389E-24         0.000         0.000         0.000
        1.002        0.000     3.777E-23     2.542E-24         0.000         0.000         0.000
        1.104        0.000     4.428E-23     1.771E-24         0.000         0.000         0.000
        1.216    3.415E-24     7.033E-23     1.001E-24         0.000         0.000         0.000
        1.339    6.830E-24     2.995E-23     1.001E-24         0.000         0.000         0.000
        1.475    1.639E-23     1.302E-24     4.621E-25         0.000         0.000         0.000
        1.625    4.303E-23         0.000     1.540E-25         0.000         0.000         0.000
        1.791    3.415E-23         0.000         0.000         0.000         0.000         0.000
        1.973    3.688E-23         0.000         0.000         0.000         0.000         0.000
        2.173    1.434E-23         0.000         0.000         0.000         0.000         0.000
        2.394    1.093E-23         0.000         0.000         0.000         0.000         0.000
        2.637    2.049E-24         0.000         0.000         0.000         0.000         0.000
        2.905    2.732E-24         0.000         0.000         0.000         0.000         0.000
        3.201    6.830E-25         0.000         0.000         0.000         0.000         0.000
        3.526    6.830E-25         0.000         0.000         0.000         0.000         0.000
        3.884        0.000         0.000         0.000         0.000         0.000         0.000
        4.279        0.000         0.000         0.000         0.000         0.000         0.000
        4.714        0.000         0.000         0.000         0.000         0.000         0.000
        5.193        0.000         0.000         0.000         0.000         0.000         0.000

                    IMF1          IMF2          IMF3          IMF4          IMF5          IMF6
     Period       -1.022       0.01187       0.01187         1.234         3.404         4.404
     Energy      -0.8273       -0.7710        -4.933        -6.424        -3.826        -5.995

 5%.Sig.Lvl
       Period        Energy
       -2.142       -0.8482
       -2.069       -0.9084
       -1.996       -0.9685
       -1.923        -1.028
       -1.850        -1.088
       -1.777        -1.148
       -1.705        -1.207
       -1.632        -1.266
       -1.559        -1.325
       -1.486        -1.384
       -1.413        -1.443
       -1.340        -1.501
       -1.267        -1.559
       -1.195        -1.617
       -1.122        -1.675
       -1.049        -1.733
      -0.9760        -1.790
      -0.9031        -1.847
      -0.8303        -1.904
      -0.7574        -1.961
      -0.6845        -2.017
      -0.6117        -2.073
      -0.5388        -2.129
      -0.4659        -2.185
      -0.3931        -2.240
      -0.3202        -2.296
      -0.2474        -2.351
      -0.1745        -2.405
      -0.1016        -2.460
     -0.02877        -2.514
      0.04410        -2.568
       0.1170        -2.622
       0.1898        -2.675
       0.2627        -2.728
       0.3356        -2.781
       0.4084        -2.834
       0.4813        -2.886
       0.5541        -2.938
       0.6270        -2.990
       0.6999        -3.042
       0.7727        -3.093
       0.8456        -3.144
       0.9185        -3.195
       0.9913        -3.245
        1.064        -3.295
        1.137        -3.345
        1.210        -3.394
        1.283        -3.444
        1.356        -3.493
        1.429        -3.541
        1.501        -3.590
        1.574        -3.638
        1.647        -3.685
        1.720        -3.733
        1.793        -3.780
        1.866        -3.827
        1.939        -3.874
        2.011        -3.920
        2.084        -3.966
        2.157        -4.012
        2.230        -4.058
        2.303        -4.103
        2.376        -4.148
        2.449        -4.193
        2.521        -4.237
        2.594        -4.282
        2.667        -4.326
        2.740        -4.370
        2.813        -4.413
        2.886        -4.457
        2.959        -4.500
        3.032        -4.543
        3.104        -4.586
        3.177        -4.628
        3.250        -4.671
        3.323        -4.713
        3.396        -4.755
        3.469        -4.797
        3.542        -4.839
        3.614        -4.881
        3.687        -4.923
        3.760        -4.964
        3.833        -5.006
        3.906        -5.047
        3.979        -5.089
        4.052        -5.131
        4.124        -5.172
        4.197        -5.214
        4.270        -5.255
        4.343        -5.297
        4.416        -5.339
        4.489        -5.381
        4.562        -5.423
        4.635        -5.465
        4.707        -5.508
        4.780        -5.550
        4.853        -5.593
        4.926        -5.636
        4.999        -5.680
        5.072        -5.724

 1%.Sig.Lvl
       Period        Energy
       -2.142       -0.7169
       -2.069       -0.7741
       -1.996       -0.8311
       -1.923       -0.8878
       -1.850       -0.9443
       -1.777        -1.001
       -1.705        -1.057
       -1.632        -1.112
       -1.559        -1.168
       -1.486        -1.223
       -1.413        -1.278
       -1.340        -1.333
       -1.267        -1.387
       -1.195        -1.441
       -1.122        -1.495
       -1.049        -1.548
      -0.9760        -1.601
      -0.9031        -1.654
      -0.8303        -1.707
      -0.7574        -1.759
      -0.6845        -1.811
      -0.6117        -1.863
      -0.5388        -1.914
      -0.4659        -1.965
      -0.3931        -2.016
      -0.3202        -2.066
      -0.2474        -2.116
      -0.1745        -2.166
      -0.1016        -2.215
     -0.02877        -2.264
      0.04410        -2.313
       0.1170        -2.361
       0.1898        -2.409
       0.2627        -2.456
       0.3356        -2.504
       0.4084        -2.550
       0.4813        -2.597
       0.5541        -2.643
       0.6270        -2.689
       0.6999        -2.734
       0.7727        -2.779
       0.8456        -2.823
       0.9185        -2.867
       0.9913        -2.911
        1.064        -2.954
        1.137        -2.997
        1.210        -3.040
        1.283        -3.082
        1.356        -3.124
        1.429        -3.165
        1.501        -3.206
        1.574        -3.247
        1.647        -3.287
        1.720        -3.327
        1.793        -3.366
        1.866        -3.405
        1.939        -3.444
        2.011        -3.482
        2.084        -3.519
        2.157        -3.557
        2.230        -3.594
        2.303        -3.630
        2.376        -3.667
        2.449        -3.703
        2.521        -3.738
        2.594        -3.773
        2.667        -3.808
        2.740        -3.842
        2.813        -3.876
        2.886        -3.910
        2.959        -3.943
        3.032        -3.976
        3.104        -4.009
        3.177        -4.041
        3.250        -4.073
        3.323        -4.105
        3.396        -4.136
        3.469        -4.167
        3.542        -4.198
        3.614        -4.228
        3.687        -4.259
        3.760        -4.289
        3.833        -4.318
        3.906        -4.348
        3.979        -4.377
        4.052        -4.406
        4.124        -4.435
        4.197        -4.463
        4.270        -4.492
        4.343        -4.520
        4.416        -4.548
        4.489        -4.576
        4.562        -4.604
        4.635        -4.632
        4.707        -4.659
        4.780        -4.687
        4.853        -4.714
        4.926        -4.742
        4.999        -4.769
        5.072        -4.796
