     Raw        IMF5_6_Perc
1.26800e+01  -0.121729856263
1.26800e+01  -0.094566670051
1.25900e+01  -0.068585862808
1.24000e+01  -0.043736986367
1.23000e+01  -0.019995604894
1.23400e+01   0.002669811715
1.25100e+01   0.024293946578
1.26800e+01   0.044883105715
1.30100e+01   0.064494831571
1.29600e+01   0.083137006670
1.28800e+01   0.100849043647
1.28100e+01   0.117654590079
1.26500e+01   0.133569411020
1.26700e+01   0.148695979314
1.25200e+01   0.162900292012
1.23700e+01   0.176379412274
1.22100e+01   0.189070279889
1.22500e+01   0.201083250228
1.24200e+01   0.212378910659
1.27600e+01   0.222973026233
1.29800e+01   0.232897127058
1.30400e+01   0.242182743239
1.28600e+01   0.250932347619
1.27800e+01   0.259106527568
1.26800e+01   0.266721048137
1.26200e+01   0.273886264698
1.26600e+01   0.280554093838
1.25300e+01   0.286753700906
1.24200e+01   0.292511098239
1.23700e+01   0.297934276450
1.24500e+01   0.302972787369
1.28000e+01   0.307647125565
1.31100e+01   0.311998280176
1.32700e+01   0.316128724046
1.31100e+01   0.319983279489
1.28300e+01   0.323585594086
1.28600e+01   0.327069670785
1.29200e+01   0.330372449376
1.29300e+01   0.333549107543
1.28300e+01   0.336670588025
1.26200e+01   0.339870893771
1.25300e+01   0.343157907309
1.25800e+01   0.346689279167
1.27300e+01   0.350370419028
1.29000e+01   0.354445685212
1.29900e+01   0.358915077721
1.29000e+01   0.363928364555
1.27700e+01   0.369477663189
1.26300e+01   0.375657563941
1.26000e+01   0.382523244496
1.26000e+01   0.390240237909
1.25100e+01   0.398769131549
1.23400e+01   0.408149338047
1.22100e+01   0.418404504983
1.23300e+01   0.429408511934
1.25300e+01   0.441067556835
1.28400e+01   0.453384004443
1.29900e+01   0.466188380439
1.30700e+01   0.479407377328
1.28400e+01   0.493004735487
1.30100e+01   0.506830686914
1.29100e+01   0.520774876238
1.28800e+01   0.534750595668
1.28400e+01   0.548623842254
1.25700e+01   0.562260613046
1.24500e+01   0.575345606984
1.25000e+01   0.587799998806
1.27500e+01   0.599229662186
1.29300e+01   0.609634597125
1.30900e+01   0.618620677300
1.30300e+01   0.625951426916
1.28000e+01   0.631311544915
1.28600e+01   0.634543380768
1.28500e+01   0.635252808150
1.27500e+01   0.633439827062
1.26600e+01   0.628789136445
1.25300e+01   0.621221911035
1.23800e+01   0.610659325566
1.23400e+01   0.597416681098
1.24700e+01   0.581651628160
1.27300e+01   0.563521817281
1.29100e+01   0.543263724255
1.30100e+01   0.521271475406
1.29000e+01   0.497623895998
1.27800e+01   0.472793937621
1.28600e+01   0.446860425537
1.28700e+01   0.420130778280
1.29200e+01   0.392928179435
1.27100e+01   0.365433927111
1.25900e+01   0.337992487713
1.24900e+01   0.310713428362
1.26100e+01   0.284038958790
1.27600e+01   0.258168506918
1.28900e+01   0.233377961173
1.30600e+01   0.209911679874
1.28700e+01   0.188077081554
1.26800e+01   0.168055464323
1.26700e+01   0.150240954502
1.26200e+01   0.134870027887
1.25700e+01   0.122100335007
1.24100e+01   0.111931875862
1.22200e+01   0.104758776775
1.21800e+01   0.100344561952
1.23600e+01   0.098373930335
1.25700e+01   0.098610406129
1.28100e+01   0.100667745538
1.29800e+01   0.104199117396
1.29200e+01   0.108881338119
1.27400e+01   0.114170513379
1.27600e+01   0.119916086923
1.29700e+01   0.125568646654
1.28700e+01   0.130834174335
1.27400e+01   0.135335096949
1.26200e+01   0.138669405646
1.24200e+01   0.140624272210
1.25500e+01   0.140860748004
1.27300e+01   0.139071414495
1.29200e+01   0.135185328946
1.29900e+01   0.129068488406
1.29700e+01   0.120405591817
1.28400e+01   0.109291229495
1.27500e+01   0.095741166494
1.26700e+01   0.079692342603
1.26500e+01   0.061168405401
1.25100e+01   0.040358535522
1.24100e+01   0.017262732967
1.23400e+01  -0.008040176999
1.24300e+01  -0.035392543847
1.26600e+01  -0.064873192841
1.28800e+01  -0.096166822924
1.30000e+01  -0.129431084624
1.29100e+01  -0.164342794356
1.25600e+01  -0.200783714223
1.24900e+01  -0.238675018960
1.25200e+01  -0.277765255973
1.26100e+01  -0.317878644922
1.25000e+01  -0.358741662138
1.24100e+01  -0.400227398945
1.22800e+01  -0.441973259126
1.23600e+01  -0.483829474677
1.26100e+01  -0.525528039699
1.29100e+01  -0.566832478398
1.29700e+01  -0.607348664449
1.29900e+01  -0.647076597854
1.28300e+01  -0.685543327023
1.26800e+01  -0.722748851958
1.25800e+01  -0.758299046334
1.26900e+01  -0.792115084886
1.26100e+01  -0.824118142351
1.24500e+01  -0.853992917669
1.22800e+01  -0.881818236106
1.23200e+01  -0.907357621866
1.23200e+01  -0.930689900214
1.26200e+01  -0.951657420622
1.28400e+01  -0.970181357825
1.27700e+01  -0.986340537087
1.25800e+01  -1.000056133143
1.26100e+01  -1.011328145994
1.25100e+01  -1.020077750375
1.25700e+01  -1.026383771550
1.25000e+01  -1.030325034785
1.23300e+01  -1.031901540078
1.22000e+01  -1.031270937961
1.21400e+01  -1.028590878961
1.23700e+01  -1.024019013609
1.26500e+01  -1.017634167169
1.28200e+01  -1.009751640700
1.29500e+01  -1.000450259466
1.28000e+01  -0.989887673998
1.25900e+01  -0.978379185353
1.25700e+01  -0.965924793532
1.26900e+01  -0.952918624857
1.26800e+01  -0.939360679330
1.25400e+01  -0.925408607480
1.23900e+01  -0.911377710365
1.23100e+01  -0.897189162720
1.24900e+01  -0.883000615076
1.26000e+01  -0.868890892696
1.28500e+01  -0.854859995581
1.31000e+01  -0.840750273201
1.28000e+01  -0.826640550821
1.26200e+01  -0.812452003177
1.26200e+01  -0.798342280797
1.26800e+01  -0.783996082623
1.26300e+01  -0.769492233920
1.24700e+01  -0.754807087108
1.23000e+01  -0.739948524714
1.21700e+01  -0.724758896207
1.22900e+01  -0.709253966643
1.25700e+01  -0.693315498122
1.28000e+01  -0.677045963490
1.28400e+01  -0.660270370658
1.27300e+01  -0.643040744302
1.25400e+01  -0.625415415117
1.25000e+01  -0.607301369290
1.26800e+01  -0.588682841770
1.27800e+01  -0.569607127715
1.26800e+01  -0.549995401860
1.26100e+01  -0.529942254522
1.24300e+01  -0.509368860437
1.25300e+01  -0.488243689500
1.27000e+01  -0.466645566975
1.29300e+01  -0.444732143390
1.30700e+01  -0.422424593483
1.31400e+01  -0.399801742516
1.29200e+01  -0.377178891550
1.27500e+01  -0.354240739524
1.27100e+01  -0.331381412764
1.26400e+01  -0.308600911268
1.24900e+01  -0.285978060301
1.23800e+01  -0.263670510394
1.22200e+01  -0.241678261545
1.23600e+01  -0.220316614813
1.25000e+01  -0.199506744935
1.27800e+01  -0.179327477174
1.29500e+01  -0.160015287324
1.29000e+01  -0.141491350122
1.27800e+01  -0.123755665566
1.27300e+01  -0.107044709451
1.29800e+01  -0.091200831248
1.28500e+01  -0.076302856222
1.26700e+01  -0.062350784371
1.25900e+01  -0.049344615697
1.24700e+01  -0.037205524934
1.24800e+01  -0.026012337348
1.27100e+01  -0.015686227674
1.29700e+01  -0.006148370646
1.31800e+01   0.002443583205
1.31600e+01   0.010326109675
1.29800e+01   0.017341558232
1.28300e+01   0.023726404672
1.28600e+01   0.029401823730
1.28900e+01   0.034604291200
1.28100e+01   0.039254981816
1.26900e+01   0.043353895580
1.25000e+01   0.047216333550
1.24400e+01   0.050684645197
1.26100e+01   0.053995306314
1.29100e+01   0.056990666372
1.30500e+01   0.060064851695
1.30400e+01   0.062902561224
1.27400e+01   0.065819096018
1.25900e+01   0.068893281341
1.25300e+01   0.072046291928
1.27300e+01   0.075435778310
1.28200e+01   0.079109035645
1.26400e+01   0.083081828985
1.24600e+01   0.087496043808
1.24200e+01   0.092343797586
1.25700e+01   0.097790623376
1.27300e+01   0.103741930861
1.30200e+01   0.110442078359
1.31600e+01   0.117788593029
1.29700e+01   0.125923360345
1.27600e+01   0.134917323046
1.26800e+01   0.144833541344
1.28300e+01   0.155695662819
1.28300e+01   0.167590395261
1.27700e+01   0.180580798882
1.26200e+01   0.194808759159
1.25500e+01   0.210195450827
1.26700e+01   0.226882759362
1.29500e+01   0.244854919712
1.30800e+01   0.264340525143
