 91700  5301  220.0
  9170  5302  210.0
  9170  5303  190.0
  9170  5304  140.0
  9170  5305  110.0
  9170  5306   80.0
  9170  5307   70.0
  9170  5308   50.0
  9170  5309   28.1
  9170  5310   10.0
  9170  5311  -15.2
  9170  5312  -60.0
  9170  5401 -110.0
  9170  5402 -160.0
  9170  5403 -200.0
  9170  5404 -220.0
  9170  5405 -235.0
  9170  5406 -230.0
  9170  5407 -245.0
  9170  5408 -250.0
  9170  5409 -185.0
  9170  5410 -100.0
  9170  5411   60.0
  9170  5412   75.0
  9170  5501  105.0
  9170  5502  108.0
  9170  5503  105.0
  9170  5504  145.0
  9170  5505  190.0
  9170  5506  185.0
  9170  5507  190.0
  9170  5508  211.0
  9170  5509  180.0
  9170  5510  163.0
  9170  5511   66.0
  9170  5512   59.0
  9170  5601  -22.0
 91700  5602  -62.0
 91700  5603 -112.0
 91700  5604 -224.0
 91700  5605 -222.0
 91700  5606 -252.0
 91700  5607 -249.0
 91700  5608 -266.0
 91700  5609 -282.0
 91700  5610 -276.0
 91700  5611 -246.0
 91700  5612  -84.0
 91700  5701  -21.0
 91700  5702  -13.0
 91700  5703   92.0
 91700  5704  120.0
 91700  5705  137.0
 91700  5706  141.0
 91700  5707  147.0
 91700  5708  160.0
 91700  5709  180.0
 91700  5710  144.0
 91700  5711  117.0
 91700  5712  110.0
 91700  5801   60.0
 91700  5802   49.0
 91700  5803   37.0
 91700  5804  -63.0
 91700  5805 -197.0
 91700  5806 -204.0
 91700  5807 -233.0
 91700  5808 -257.0
 91700  5809 -277.0
 91700  5810 -304.0
 91700  5811 -337.0
 91700  5812 -330.0
 91700  5901 -267.0
 91700  5902 -258.0
 91700  5903 -255.0
 91700  5904 -217.0
 91700  5905  -60.0
 91700  5906  135.0
 91700  5907  207.0
 91700  5908  193.0
 91700  5909  190.0
 91700  5910  127.0
 91700  5911   83.0
 91700  5912   40.0
 91700  6001   -2.0
 91700  6002  -18.0
 91700  6003  -46.0
 91700  6004 -124.0
 91700  6005 -182.0
 91700  6006 -252.0
 91700  6007 -260.0
 91700  6008 -256.0
 91700  6009 -255.0
 91700  6010 -249.0
 91700  6011 -208.0
 91700  6012 -155.0
 91700  6101  -13.0
 91700  6102   29.0
 91700  6103   38.0
 91700  6104  114.0
 91700  6105  142.0
 91700  6106  181.0
 91700  6107  140.0
 91700  6108  126.0
 91700  6109   89.0
 91700  6110   98.0
 91700  6111  125.0
 91700  6112   69.0
 91700  6201   55.0
 91700  6202   69.0
 91700  6203   49.0
 91700  6204  -27.0
 91700  6205 -161.0
 91700  6206 -228.0
 91700  6207 -252.0
 91700  6208 -275.0
 91700  6209 -280.0
 91700  6210 -311.0
 91700  6211 -302.0
 91700  6212 -292.0
 91700  6301 -282.0
 91700  6302 -333.0
 91700  6303 -346.0
 91700  6304 -328.0
 91700  6305 -317.0
 91700  6306 -215.0
 91700  6307  -15.0
 91700  6308   36.0
 91700  6309   85.0
 91700  6310   65.0
 91700  6311   70.0
 91700  6312   70.0
 91700  6401   35.0
 91700  6402   20.0
 91700  6403   54.0
 91700  6404   64.0
 91700  6405   68.0
 91700  6406   61.0
 91700  6407   27.0
 91700  6408   37.0
 91700  6409   20.0
 91700  6410   32.0
 91700  6411   15.0
 91700  6412   19.0
 91700  6501    7.0
 91700  6502  -12.0
 91700  6503  -37.0
 91700  6504 -157.0
 91700  6505 -242.0
 91700  6506 -268.0
 91700  6507 -287.0
 91700  6508 -291.0
 91700  6509 -321.0
 91700  6510 -319.0
 91700  6511 -344.0
 91700  6512 -329.0
 91700  6601 -302.0
 91700  6602 -207.0
 91700  6603  -70.0
 91700  6604   57.0
 91700  6605  136.0
 91700  6606  160.0
 91700  6607  148.0
 91700  6608  153.0
 91700  6609  182.0
 91700  6610  160.0
 91700  6611  144.0
 91700  6612  148.0
 91700  6701  148.0
 91700  6702  145.0
 91700  6703  105.0
 91700  6704  101.0
 91700  6705   53.0
 91700  6706  -60.0
 91700  6707 -165.0
 91700  6708 -150.0
 43599  6709 -166.0
 43599  6710 -159.0
 43599  6711 -197.6
 43599  6712 -249.0
 43599  6801 -196.0
 43599  6802 -208.9
 43599  6803 -253.0
 43599  6804 -258.0
 43599  6805 -232.0
 43599  6806 -265.0
 43599  6807 -314.0
 43599  6808 -308.0
 43599  6809 -319.0
 43599  6810 -313.0
 43599  6811 -207.0
 43599  6812 -138.0
 43599  6901    4.0
 43599  6902   61.0
 43599  6903  104.0
 43599  6904  151.0
 43599  6905  151.0
 43599  6906  140.0
 43599  6907  151.0
 43599  6908  138.0
 43599  6909  104.0
 43599  6910   88.0
 43599  6911    3.0
 43599  6912  -54.0
 43599  7001  -96.0
 43599  7002 -147.0
 43599  7003 -166.0
 43599  7004 -229.0
 43599  7005 -258.0
 43599  7006 -294.0
 43599  7007 -290.0
 43599  7008 -306.0
 43599  7009 -327.0
 43599  7010 -329.0
 43599  7011 -312.0
 43599  7012 -189.0
 43599  7101  -32.0
 43599  7102   45.0
 43599  7103  102.0
 43599  7104  118.0
 43599  7105  132.0
 43599  7106  135.0
 43599  7107  200.0
 43599  7108  160.0
 43599  7109  122.0
 43599  7110  134.0
 43599  7111  125.0
 43599  7112  112.0
 43599  7201   95.0
 43599  7202   74.0
 43599  7203   83.0
 43599  7204   40.0
 43599  7205 -187.0
 43599  7206 -231.0
 43599  7207 -246.0
 43599  7208 -250.0
 43599  7209 -273.0
 43599  7210 -269.0
 43599  7211 -284.0
 43599  7212 -172.0
 43599  7301   58.0
 43599  7302  117.0
 43599  7303  106.0
 43599  7304  104.0
 43599  7305  138.0
 43599  7306  132.0
 43599  7307  103.0
 43599  7308   98.0
 43599  7309   85.0
 43599  7310   85.0
 43599  7311   45.0
 43599  7312   10.0
 43599  7401  -14.0
 43599  7402  -29.0
 43599  7403  -31.0
 43599  7404 -129.0
 43599  7405 -225.0
 43599  7406 -267.0
 43599  7407 -282.0
 43599  7408 -304.0
 43599  7409 -298.0
 43599  7410 -288.0
 43599  7411 -292.0
 43599  7412 -300.0
 43599  7501 -305.0
 43599  7502 -240.0
 43599  7503  -85.0
 43599  7504   50.0
 43599  7505   93.0
 43599  7506  171.0
 43599  7507  170.0
 43599  7508  153.0
 43599  7509  152.0
 43599  7510  145.0
 43599  7511  150.0
 43599  7512  157.0
 48694  7601  129.0
 48694  7602  124.0
 48694  7603  123.0
 48694  7604   99.0
 48694  7605   30.0
 48694  7606 -146.0
 48694  7607 -220.0
 48694  7608 -248.0
 48694  7609 -205.0
 48694  7610 -257.0
 48694  7611 -230.0
 48694  7612 -257.0
 48694  7701 -270.0
 48694  7702 -268.0
 48694  7703 -275.0
 48694  7704 -285.0
 48694  7705 -280.0
 48694  7706 -266.0
 48694  7707 -140.0
 48694  7708  -91.0
 48694  7709   44.0
 48694  7710   88.0
 48694  7711  120.0
 48694  7712  170.0
 48694  7801  185.0
 48694  7802  149.0
 48694  7803  128.0
 48694  7804  114.0
 48694  7805  115.0
 48694  7806  100.0
 48694  7807   85.0
 48694  7808   75.0
 48694  7809   93.0
 48694  7810   55.0
 48694  7811   48.0
 48694  7812   20.0
 48694  7901   37.0
 48694  7902   65.0
 48694  7903  -75.0
 48694  7904 -147.0
 48694  7905 -236.0
 48694  7906 -256.0
 48694  7907 -264.0
 48694  7908 -284.0
 48694  7909 -274.0
 48694  7910 -280.0
 48694  7911 -271.0
 48694  7912 -155.0
  8694  8001   27.0
 48694  8002   34.0
 48694  8003   94.0
 48694  8004  117.0
 48694  8005  124.0
 48694  8006  153.0
 48694  8007  159.0
 48694  8008  151.0
 48694  8009  131.0
 48694  8010  125.0
 48694  8011  107.0
 48694  8012  111.0
 48694  8101  101.0
 48694  8102   91.0
 48694  8103   79.0
 48694  8104   60.0
 48694  8105 -136.0
 48694  8106 -241.0
 48694  8107 -269.0
 48694  8108 -278.0
 48694  8109 -281.0
 48694  8110 -295.0
 48694  8111 -289.0
 48694  8112 -302.0
 48694  8201 -302.0
 48694  8202 -310.0
 48694  8203 -316.0
 48694  8204 -310.0
 48694  8205 -291.0
 48694  8206 -283.0
 48694  8207 -145.0
 48694  8208   72.0
 48694  8209  119.0
 48694  8210  137.0
 48694  8211  117.0
 48694  8212  164.0
 48694  8301  157.0
 48694  8302  151.0
 48694  8303  134.0
 48694  8304  128.0
 48694  8305  108.0
 48694  8306  -60.0
 48694  8307 -152.0
 48694  8308 -177.0
 48694  8309 -199.0
 48694  8310 -203.0
 48694  8311 -252.0
 48694  8312 -255.0
 48694  8401 -275.0
 48694  8402 -283.0
 48694  8403 -283.0
 48694  8404 -288.0
 48694  8405 -321.0
 48694  8406 -346.0
 48694  8407 -354.0
 48694  8408 -340.0
 48694  8409 -335.0
 48694  8410 -281.0
 48694  8411  -22.0
 48694  8412   65.0
 48694  8501  110.0
 48694  8502   87.0
 48694  8503  141.0
 48694  8504  137.0
 48694  8505  139.0
 48694  8506  115.0
 48694  8507  100.0
 48694  8508   85.0
 48694  8509   93.0
 48694  8510  100.0
 48694  8511  102.0
 48694  8512  119.0
 48694  8601  152.0
 48694  8602  148.0
 48694  8603  142.0
 48694  8604  106.0
 48694  8605  -42.0
 48694  8606 -194.0
 48964  8607 -232.0
 48694  8608 -229.0
 48694  8609 -234.0
 48694  8610 -241.0
 48694  8611 -254.0
 48694  8612 -267.0
 48694  8701 -260.0
 48694  8702 -266.0
 48694  8703 -271.0
 48694  8704 -270.0
 48694  8705 -268.0
 48694  8706 -247.0
 48694  8707  -63.0
 48694  8708   92.0
 48694  8709  138.0
 48694  8710  117.0
 48694  8711   77.0
 48694  8712   57.0
 48694  8801   54.0
 48694  8802   46.0
 48694  8803   78.0
 48694  8804   70.0
 48694  8805   50.0
 48694  8806  -23.0
 48694  8807 -102.0
 48694  8808  -63.0
 48694  8809  -50.0
 48694  8810  -81.0
 48694  8811 -101.0
 48694  8812  -99.0
 48694  8901  -84.0
 48694  8902  -40.0
 48694  8903  -38.0
 48694  8904 -150.0
 48694  8905 -250.0
 48698  8906 -281.0
 48698  8907 -306.0
 48698  8908 -300.0
 48698  8909 -310.0
 48698  8910 -307.0
 48698  8911 -306.0
 48698  8912 -282.0
 48698  9001  -42.0
 48698  9002  -32.0
 48698  9003  109.0
 48698  9004  124.0
 48698  9005  124.0
 48698  9006  152.0
 48698  9007  131.0
 48698  9008  135.0
 48698  9009  130.0
 48698  9010  109.0
 48698  9011  110.0
 48698  9012  134.0
 48698  9101  114.0
 48698  9102  127.0
 48698  9103  105.0
 48698  9104   92.0
 48968  9105  -67.0
 48968  9106 -209.0
 48968  9107 -250.0
 48968  9108 -231.0
 48698  9109 -215.0
 48698  9110 -222.0
 48698  9111 -242.0
 48698  9112 -253.0
 48698  9201 -253.0
 48698  9202 -254.0
 48698  9203 -260.0
 48698  9204 -262.0
 48698  9205 -275.0
 48698  9206 -268.0
 48698  9207  -79.0
 48698  9208    8.0
 48698  9209   75.0
 48698  9210  112.0
 48698  9211  141.0
 48698  9212  176.0
 48698  9301  155.0
 48698  9302  164.0
 48698  9303  170.0
 48698  9304  112.0
 48698  9305  108.0
 48698  9306   48.0
 48698  9307  -10.0
 48698  9308   -8.0
 48698  9309  -44.0
 48698  9310 -111.0
 48698  9311 -205.0
 48698  9312 -240.0
 48698  9401 -251.0
 48698  9402 -265.0
 48698  9403 -291.0
 48698  9404 -298.0
 48698  9405 -318.0
 48698  9406 -328.0
 48698  9407 -338.0
 48698  9408 -336.0
 48698  9409 -271.0
 48698  9410   -9.0
 48698  9411  109.0
 48698  9412  167.0
 48698  9501  178.0
 48698  9502  115.0
 48698  9503   86.0
 48698  9504  110.0
 48698  9505  155.0
 48698  9506  151.0
 48698  9507  125.0
 48698  9508   72.0
 48698  9509   34.0
 48698  9510  -32.0
 48698  9511 -131.0
 48698  9512 -169.0
 48698  9601 -183.0
 48698  9602 -202.0
 48698  9603 -239.0
 48698  9604 -277.0
 48698  9605 -307.0
 48698  9606 -330.0
 48698  9607 -325.0
 48698  9608 -346.0
 48698  9609 -355.0
 48698  9610 -349.0
 48698  9611 -284.0
 48698  9612  -56.0
 48698  9701   22.0
 48698  9702  100.0
 48698  9703  106.0
 48698  9704  151.0
 48698  9705  151.0
 48698  9706  167.0
 48698  9707  141.0
 48698  9708  114.0
 48698  9709   97.0
 48698  9710   75.0
 48698  9711   15.0
 48698  9712  -49.0
 48698  9801  -50.0
 48698  9802  -57.0
 48698  9803 -127.0
 48698  9804 -253.0
 48698  9805 -280.0
 48698  9806 -297.0
 48698  9807 -308.0
 48698  9808 -321.0
 48698  9809 -311.0
 48698  9810 -292.0
 48698  9811  -68.0
 48698  9812   70.0
 48698  9901   99.0
 48698  9902  131.0
 48698  9903   98.0
 48698  9904  140.0
 48698  9905  126.0
 48698  9906  137.0
 48698  9907  111.0
 48698  9908  110.0
 48698  9909  101.0
 48698  9910   91.0
 48698  9911   47.0
 48698  9912   61.0
 48698     1   74.0
 48698     2   95.0
 48698     3  113.0
 48698     4   61.0
 48698     5  -71.0
 48698     6 -227.0
 48698     7 -282.0
 48698     8 -294.0
 48698     9 -288.0
 48698    10 -275.0
 48698    11 -253.0
 48698    12 -259.0
 48698   101 -284.0
 48698   102 -272.0
 48698   103 -269.0
 48698   104 -309.0
 48698   105 -318.0
 48698   106 -331.0
 48698   107 -349.0
 48698   108 -354.0
 48698   109 -307.0
 48698   110 -136.0
 48698   111   21.0
 48698   112  140.0
 48698   201  118.0
 48698   202  148.0
 48698   203  158.0
 48698   204  129.0
 48698   205  133.0
 48698   206   92.0
 48698   207  103.0
 48698   208   83.0
 48698   209   65.0
 48698   210   41.0
 48698   211  -42.0
 48698   212  -41.0
 48698   301  -14.0
 48698   302   -2.0
 48698   303  -73.0
 48698   304 -194.0
 48698   305 -269.0
 48698   306 -288.0
 48698   307 -313.0
 48698   308 -318.0
 48698   309 -313.0
 48698   310 -312.0
 48698   311 -321.0
 48698   312 -165.0
 48698   401  -16.0
 48698   402   78.0
 48698   403  112.0
 48698   404  126.0
 48698   405  120.0
 48698   406   95.0
 48698   407   90.0
 48698   408   98.0
 48698   409   88.0
 48698   410   73.0
 48698   411   48.0
 48698   412   14.0
 48698   501  -18.0
 48698   502   18.0
 48698   503   -9.0
 48698   504 -178.0
 48698   505 -266.0
 48698   506 -286.0
 48698   507 -309.0
 48698   508 -316.0
 48698   509 -318.0
 48698   510 -320.0
 48698   511 -333.0
 48698   512 -324.0
 48698   601 -288.0
 48698   602  -93.0
 48698   603   83.0
 48698   604   85.0
 48698   605  106.0
 48698   606  123.0
 48698   607  126.0
 48698   608   71.0
 48698   609  109.0
 48698   610   93.0
 48698   611   89.0
 48698   612   73.0
 48698   701   54.0
 48698   702   53.0
 48698   703   14.0
 48698   704 -147.0
 48698   705 -253.0
 48698   706 -297.0
 48698   707 -313.0
 48698   708 -316.0
 48698   709 -321.0
 48698   710 -316.0
 48698   711 -320.0
 48698   712 -265.0
 48698   801 -126.0
 48698   802   38.0
 48698   803  112.0
 48698   804  124.0
 48698   805  124.0
 48698   806  157.0
 48698   807  135.0
 48698   808  118.0
 48698   809  105.0
 48698   810   93.0
 48698   811   75.0
 48698   812  111.0
 48698   901  119.0
 48698   902  155.0
 48698   903  118.0
 48698   904  103.0
 48698   905   32.0
 48698   906 -134.0
 48698   907 -227.0
 48698   908 -218.0
 48698   909 -220.0
 48698   910 -199.0
 48698   911 -252.0
 48698   912 -259.0
 48698  1001 -265.0
 48698  1002 -272.0
 48698  1003 -269.0
 48698  1004 -271.0
 48698  1005 -263.0
 48698  1006 -285.0
 48698  1007  -59.0
 48698  1008  117.0
 48698  1009  134.0
 48698  1010  116.0
 48698  1011  118.0
 48698  1012   83.0
 48698  1101   97.0
 48698  1102   97.0
 48698  1103  101.0
 48698  1104   92.0
 48698  1105   96.0
 48698  1106   70.0
 48698  1107    9.0
 48698  1108   25.0
 48698  1109  -32.0
 48698  1110  -75.0
 48698  1111 -189.0
 48698  1112 -239.0
 48698  1201 -238.0
 48698  1202 -213.0
 48698  1203 -217.0
 48698  1204 -257.0
 48698  1205 -306.0
 48698  1206 -325.0
 48698  1207 -326.0
 48698  1208 -347.0
 48698  1209 -331.0
 48698  1210 -336.0
 48698  1211 -335.0
 48698  1212 -161.0
 48698  1301  -47.0
 48698  1302   18.0
 48698  1303   89.0
 48698  1304  102.0
 48698  1305  109.0
 48698  1306  157.0
 48698  1307  147.0
 48698  1308  122.0
 48698  1309  139.0
 48698  1310  119.0
 48698  1311  118.0
