 91700  5301   40.0
  9170  5302   60.0
  9170  5303   75.0
  9170  5304   90.0
  9170  5305  110.0
  9170  5306  164.5
  9170  5307  155.0
  9170  5308  130.0
  9170  5309  122.7
  9170  5310  112.0
  9170  5311  158.2
  9170  5312  190.2
  9170  5401   80.0
  9170  5402   30.0
  9170  5403   60.0
  9170  5404  -30.0
  9170  5405 -100.0
  9170  5406 -150.0
  9170  5407 -205.0
  9170  5408 -195.0
  9170  5409 -220.0
  9170  5410 -235.0
  9170  5411 -210.0
  9170  5412 -195.0
  9170  5501 -105.0
  9170  5502  -25.0
  9170  5503    5.0
  9170  5504  100.0
  9170  5505  105.0
  9170  5506  145.0
  9170  5507   90.0
  9170  5508  105.0
  9170  5509  100.0
  9170  5510   95.0
  9170  5511  105.0
  9170  5512   90.0
  9170  5601   80.0
 91700  5602   68.0
 91700  5603   95.0
 91700  5604   85.0
 91700  5605   -8.0
 91700  5606  -75.0
 91700  5607 -145.0
 91700  5608 -165.0
 91700  5609 -155.0
 91700  5610 -180.0
 91700  5611 -200.0
 91700  5612 -205.0
 91700  5701 -215.0
 91700  5702 -220.0
 91700  5703 -205.0
 91700  5704 -148.0
 91700  5705  -77.0
 91700  5706   78.0
 91700  5707  109.0
 91700  5708  125.0
 91700  5709  114.0
 91700  5710  113.0
 91700  5711  118.0
 91700  5712  120.0
 91700  5801   91.0
 91700  5802   74.0
 91700  5803   85.0
 91700  5804  106.0
 91700  5805  123.0
 91700  5806   91.0
 91700  5807   36.0
 91700  5808    5.0
 91700  5809  -25.0
 91700  5810  -66.0
 91700  5811 -112.0
 91700  5812 -173.0
 91700  5901 -106.0
 91700  5902 -136.0
 91700  5903 -142.0
 91700  5904 -189.0
 91700  5905 -219.0
 91700  5906 -172.0
 91700  5907  -25.0
 91700  5908   61.0
 91700  5909   86.0
 91700  5910  101.0
 91700  5911  112.0
 91700  5912   78.0
 91700  6001   50.0
 91700  6002   67.0
 91700  6003   70.0
 91700  6004   60.0
 91700  6005   69.0
 91700  6006   -8.0
 91700  6007  -75.0
 91700  6008 -108.0
 91700  6009 -133.0
 91700  6010 -152.0
 91700  6011 -188.0
 91700  6012 -203.0
 91700  6101 -210.0
 91700  6102 -224.0
 91700  6103 -220.0
 91700  6104 -118.0
 91700  6105   43.0
 91700  6106  127.0
 91700  6107  117.0
 91700  6108   67.0
 91700  6109   39.0
 91700  6110   83.0
 91700  6111  124.0
 91700  6112   99.0
 91700  6201  114.0
 91700  6202  121.0
 91700  6203  124.0
 91700  6204  129.0
 91700  6205  168.0
 91700  6206  142.0
 91700  6207   74.0
 91700  6208   71.0
 91700  6209   41.0
 91700  6210   10.0
 91700  6211  -18.0
 91700  6212  -36.0
 91700  6301  -80.0
 91700  6302  -78.0
 91700  6303 -118.0
 91700  6304 -178.0
 91700  6305 -206.0
 91700  6306 -225.0
 91700  6307 -228.0
 91700  6308 -200.0
 91700  6309  -59.0
 91700  6310   46.0
 91700  6311   76.0
 91700  6312   99.0
 91700  6401   37.0
 91700  6402   44.0
 91700  6403   78.0
 91700  6404   68.0
 91700  6405  120.0
 91700  6406  133.0
 91700  6407  184.0
 91700  6408  178.0
 91700  6409  165.0
 91700  6410  160.0
 91700  6411  170.0
 91700  6412   98.0
 91700  6501  117.0
 91700  6502  121.0
 91700  6503  127.0
 91700  6504  128.0
 91700  6505  132.0
 91700  6506   47.0
 91700  6507  -33.0
 91700  6508  -81.0
 91700  6509 -143.0
 91700  6510 -163.0
 91700  6511 -220.0
 91700  6512 -228.0
 91700  6601 -223.0
 91700  6602 -222.0
 91700  6603 -225.0
 91700  6604 -188.0
 91700  6605 -144.0
 91700  6606   13.0
 91700  6607   70.0
 91700  6608   46.0
 91700  6609   68.0
 91700  6610   92.0
 91700  6611   82.0
 91700  6612  113.0
 91700  6701  101.0
 91700  6702  102.0
 91700  6703   98.0
 91700  6704  132.0
 91700  6705  181.0
 91700  6706  167.0
 91700  6707  175.0
 91700  6708  161.0
 43599  6709  132.0
 43599  6710   91.0
 43599  6711  111.0
 43599  6712  107.0
 43599  6801  120.0
 43599  6802   94.0
 43599  6803   82.0
 43599  6804   70.0
 43599  6805   -3.0
 43599  6806  -91.0
 43599  6807  -98.0
 43599  6808 -152.0
 43599  6809 -134.0
 43599  6810 -129.0
 43599  6811 -144.0
 43599  6812 -179.0
 43599  6901 -167.0
 43599  6902 -143.0
 43599  6903 -162.0
 43599  6904  -85.0
 43599  6905   70.0
 43599  6906   86.0
 43599  6907  139.0
 43599  6908  157.0
 43599  6909  137.0
 43599  6910  122.0
 43599  6911  120.0
 43599  6912  147.0
 43599  7001  119.0
 43599  7002  100.0
 43599  7003   93.0
 43599  7004  121.0
 43599  7005   77.0
 43599  7006  -36.0
 43599  7007 -115.0
 43599  7008 -151.0
 43599  7009 -184.0
 43599  7010 -194.0
 43599  7011 -204.0
 43599  7012 -216.0
 43599  7101 -183.0
 43599  7102 -178.0
 43599  7103 -190.0
 43599  7104 -123.0
 43599  7105   34.0
 43599  7106   77.0
 43599  7107  124.0
 43599  7108  119.0
 43599  7109   99.0
 43599  7110  124.0
 43599  7111  133.0
 43599  7112  139.0
 43599  7201  134.0
 43599  7202  116.0
 43599  7203  142.0
 43599  7204  145.0
 43599  7205  118.0
 43599  7206   20.0
 43599  7207  -87.0
 43599  7208 -165.0
 43599  7209 -196.0
 43599  7210 -238.0
 43599  7211 -235.0
 43599  7212 -215.0
 43599  7301 -212.0
 43599  7302 -174.0
 43599  7303  -29.0
 43599  7304   46.0
 43599  7305  105.0
 43599  7306  122.0
 43599  7307  134.0
 43599  7308  130.0
 43599  7309  124.0
 43599  7310  102.0
 43599  7311  104.0
 43599  7312   90.0
 43599  7401  102.0
 43599  7402   88.0
 43599  7403  108.0
 43599  7404  120.0
 43599  7405   74.0
 43599  7406    0.0
 43599  7407  -51.0
 43599  7408  -97.0
 43599  7409 -111.0
 43599  7410 -125.0
 43599  7411 -125.0
 43599  7412 -132.0
 43599  7501 -134.0
 43599  7502 -125.0
 43599  7503 -136.0
 43599  7504 -135.0
 43599  7505 -183.0
 43599  7506  -46.0
 43599  7507   21.0
 43599  7508   87.0
 43599  7509  108.0
 43599  7510  105.0
 43599  7511  114.0
 43599  7512  110.0
 48694  7601   99.0
 48694  7602  105.0
 48694  7603  104.0
 48694  7604  119.0
 48694  7605  124.0
 48694  7606  104.0
 48694  7607  113.0
 48694  7608  105.0
 48694  7609   86.0
 48694  7610   65.0
 48694  7611   51.0
 48694  7612   18.0
 48694  7701  -19.0
 48694  7702  -35.0
 48694  7703  -45.0
 48694  7704  -70.0
 48694  7705 -145.0
 48694  7706 -211.0
 48694  7707 -205.0
 48694  7708 -220.0
 48694  7709 -230.0
 48694  7710 -244.0
 48694  7711 -174.0
 48694  7712  -20.0
 48694  7801   38.0
 48694  7802   79.0
 48694  7803   84.0
 48694  7804   85.0
 48694  7805  109.0
 48694  7806  100.0
 48694  7807  105.0
 48694  7808  104.0
 48694  7809   90.0
 48694  7810  110.0
 48694  7811  119.0
 48694  7812  138.0
 48694  7901  116.0
 48694  7902  112.0
 48694  7903   99.0
 48694  7904  100.0
 48694  7905   82.0
 48694  7906  -18.0
 48694  7907 -118.0
 48694  7908 -176.0
 48694  7909 -193.0
 48694  7910 -188.0
 48694  7911 -218.0
 48694  7912 -242.0
  8694  8001 -232.0
 48694  8002 -218.0
 48694  8003 -190.0
 48694  8004 -206.0
 48694  8005 -104.0
 48694  8006   87.0
 48694  8007  110.0
 48694  8008  117.0
 48694  8009  104.0
 48694  8010  115.0
 48694  8011  119.0
 48694  8012  130.0
 48694  8101  111.0
 48694  8102  100.0
 48694  8103  102.0
 48694  8104  125.0
 48694  8105  134.0
 48694  8106  104.0
 48694  8107   92.0
 48694  8108   70.0
 48694  8109   53.0
 48694  8110   65.0
 48694  8111  -11.0
 48694  8112  -55.0
 48694  8201  -40.0
 48694  8202  -48.0
 48694  8203  -79.0
 48694  8204 -144.0
 48694  8205 -192.0
 48694  8206 -205.0
 48694  8207 -240.0
 48694  8208 -210.0
 48694  8209 -136.0
 48694  8210    2.0
 48694  8211   75.0
 48694  8212  131.0
 48694  8301  132.0
 48694  8302  136.0
 48694  8303  148.0
 48694  8304  137.0
 48694  8305  124.0
 48694  8306  118.0
 48694  8307  121.0
 48694  8308  109.0
 48694  8309  102.0
 48694  8310  102.0
 48694  8311   64.0
 48694  8312   52.0
 48694  8401   29.0
 48694  8402   48.0
 48694  8403   64.0
 48694  8404   46.0
 48694  8405  -75.0
 48694  8406 -192.0
 48694  8407 -238.0
 48694  8408 -258.0
 48694  8409 -262.0
 48694  8410 -242.0
 48694  8411 -253.0
 48694  8412 -239.0
 48694  8501 -209.0
 48694  8502 -142.0
 48694  8503   -4.0
 48694  8504   70.0
 48694  8505  110.0
 48694  8506   80.0
 48694  8507   94.0
 48694  8508   87.0
 48694  8509  114.0
 48694  8510  114.0
 48694  8511  113.0
 48694  8512  103.0
 48694  8601  115.0
 48694  8602  124.0
 48694  8603  119.0
 48694  8604  130.0
 48694  8605  127.0
 48694  8606   94.0
 48964  8607   92.0
 48694  8608   90.0
 48694  8609   88.0
 48694  8610   91.0
 48694  8611   70.0
 48694  8612   48.0
 48694  8701   39.0
 48694  8702   32.0
 48694  8703   19.0
 48694  8704  -74.0
 48694  8705 -192.0
 48694  8706 -231.0
 48694  8707 -267.0
 48694  8708 -224.0
 48694  8709  -62.0
 48694  8710   68.0
 48694  8711   83.0
 48694  8712   66.0
 48694  8801   91.0
 48694  8802   77.0
 48694  8803   74.0
 48694  8804   68.0
 48694  8805   92.0
 48694  8806   98.0
 48694  8807  105.0
 48694  8808  103.0
 48694  8809  104.0
 48694  8810  100.0
 48694  8811  106.0
 48694  8812  120.0
 48694  8901  117.0
 48694  8902  102.0
 48694  8903  117.0
 48694  8904  100.0
 48694  8905   92.0
 48698  8906   -3.0
 48698  8907  -36.0
 48698  8908  -58.0
 48698  8909 -119.0
 48698  8910 -152.0
 48698  8911 -166.0
 48698  8912 -184.0
 48698  9001 -214.0
 48698  9002 -210.0
 48698  9003 -221.0
 48698  9004 -142.0
 48698  9005   22.0
 48698  9006  118.0
 48698  9007   86.0
 48698  9008   78.0
 48698  9009   95.0
 48698  9010   70.0
 48698  9011  104.0
 48698  9012   79.0
 48698  9101   60.0
 48698  9102  106.0
 48698  9103   50.0
 48698  9104   70.0
 48968  9105   90.0
 48968  9106   35.0
 48968  9107  -21.0
 48968  9108  -30.0
 48698  9109  -16.0
 48698  9110   -8.0
 48698  9111  -12.0
 48698  9112  -20.0
 48698  9201  -21.0
 48698  9202  -10.0
 48698  9203   -9.0
 48698  9204  -48.0
 48698  9205 -159.0
 48698  9206 -214.0
 48698  9207 -243.0
 48698  9208 -259.0
 48698  9209 -253.0
 48698  9210 -239.0
 48698  9211  -90.0
 48698  9212   44.0
 48698  9301   74.0
 48698  9302   86.0
 48698  9303   78.0
 48698  9304   91.0
 48698  9305  118.0
 48698  9306  100.0
 48698  9307   86.0
 48698  9308   83.0
 48698  9309  103.0
 48698  9310   89.0
 48698  9311  103.0
 48698  9312   83.0
 48698  9401   84.0
 48698  9402   66.0
 48698  9403   74.0
 48698  9404   34.0
 48698  9405  -97.0
 48698  9406 -211.0
 48698  9407 -248.0
 48698  9408 -269.0
 48698  9409 -278.0
 48698  9410 -280.0
 48698  9411 -243.0
 48698  9412  -64.0
 48698  9501   26.0
 48698  9502   25.0
 48698  9503   48.0
 48698  9504   58.0
 48698  9505  112.0
 48698  9506  120.0
 48698  9507  106.0
 48698  9508   99.0
 48698  9509  102.0
 48698  9510  102.0
 48698  9511   97.0
 48698  9512   98.0
 48698  9601   86.0
 48698  9602   87.0
 48698  9603   83.0
 48698  9604   89.0
 48698  9605  -10.0
 48698  9606 -140.0
 48698  9607 -190.0
 48698  9608 -199.0
 48698  9609 -207.0
 48698  9610 -223.0
 48698  9611 -203.0
 48698  9612 -199.0
 48698  9701 -185.0
 48698  9702 -183.0
 48698  9703 -192.0
 48698  9704  -36.0
 48698  9705   35.0
 48698  9706  118.0
 48698  9707  137.0
 48698  9708  137.0
 48698  9709  122.0
 48698  9710   99.0
 48698  9711  122.0
 48698  9712   68.0
 48698  9801   80.0
 48698  9802  103.0
 48698  9803   82.0
 48698  9804  103.0
 48698  9805  -60.0
 48698  9806 -172.0
 48698  9807 -214.0
 48698  9808 -230.0
 48698  9809 -237.0
 48698  9810 -231.0
 48698  9811 -238.0
 48698  9812 -239.0
 48698  9901 -237.0
 48698  9902 -167.0
 48698  9903    3.0
 48698  9904   50.0
 48698  9905   52.0
 48698  9906  101.0
 48698  9907   85.0
 48698  9908  100.0
 48698  9909  100.0
 48698  9910  125.0
 48698  9911  110.0
 48698  9912  122.0
 48698     1  123.0
 48698     2  124.0
 48698     3  134.0
 48698     4  127.0
 48698     5  140.0
 48698     6  143.0
 48698     7  127.0
 48698     8  124.0
 48698     9  112.0
 48698    10   70.0
 48698    11   52.0
 48698    12   40.0
 48698   101   59.0
 48698   102   51.0
 48698   103   56.0
 48698   104   52.0
 48698   105   -5.0
 48698   106  -80.0
 48698   107 -158.0
 48698   108 -184.0
 48698   109 -202.0
 48698   110 -199.0
 48698   111 -205.0
 48698   112 -205.0
 48698   201 -185.0
 48698   202 -100.0
 48698   203   43.0
 48698   204   99.0
 48698   205  115.0
 48698   206   92.0
 48698   207   85.0
 48698   208   87.0
 48698   209   80.0
 48698   210   92.0
 48698   211   68.0
 48698   212   67.0
 48698   301   58.0
 48698   302   63.0
 48698   303   47.0
 48698   304   59.0
 48698   305   47.0
 48698   306   14.0
 48698   307  -29.0
 48698   308  -85.0
 48698   309 -102.0
 48698   310 -133.0
 48698   311 -164.0
 48698   312 -180.0
 48698   401 -204.0
 48698   402 -192.0
 48698   403 -177.0
 48698   404   11.0
 48698   405   89.0
 48698   406  112.0
 48698   407  108.0
 48698   408   74.0
 48698   409   70.0
 48698   410   92.0
 48698   411   56.0
 48698   412   67.0
 48698   501   55.0
 48698   502   98.0
 48698   503  146.0
 48698   504   85.0
 48698   505   82.0
 48698   506  -12.0
 48698   507  -71.0
 48698   508 -120.0
 48698   509 -144.0
 48698   510 -173.0
 48698   511 -173.0
 48698   512 -198.0
 48698   601 -152.0
 48698   602 -138.0
 48698   603 -154.0
 48698   604 -201.0
 48698   605  -71.0
 48698   606   79.0
 48698   607  107.0
 48698   608   86.0
 48698   609  109.0
 48698   610   92.0
 48698   611  104.0
 48698   612  124.0
 48698   701   96.0
 48698   702  111.0
 48698   703  103.0
 48698   704  128.0
 48698   705   92.0
 48698   706  -39.0
 48698   707 -100.0
 48698   708 -151.0
 48698   709 -162.0
 48698   710 -175.0
 48698   711 -204.0
 48698   712 -200.0
 48698   801 -190.0
 48698   802 -187.0
 48698   803 -208.0
 48698   804 -199.0
 48698   805  -10.0
 48698   806   53.0
 48698   807  116.0
 48698   808   79.0
 48698   809   65.0
 48698   810   83.0
 48698   811   72.0
 48698   812   90.0
 48698   901  118.0
 48698   902  149.0
 48698   903   98.0
 48698   904  134.0
 48698   905  145.0
 48698   906  100.0
 48698   907   98.0
 48698   908   82.0
 48698   909  112.0
 48698   910  105.0
 48698   911   83.0
 48698   912  104.0
 48698  1001   58.0
 48698  1002   51.0
 48698  1003   -8.0
 48698  1004 -159.0
 48698  1005 -234.0
 48698  1006 -235.0
 48698  1007 -278.0
 48698  1008 -178.0
 48698  1009   38.0
 48698  1010   77.0
 48698  1011   72.0
 48698  1012   76.0
 48698  1101   45.0
 48698  1102   52.0
 48698  1103   58.0
 48698  1104   53.0
 48698  1105   97.0
 48698  1106  127.0
 48698  1107   99.0
 48698  1108  126.0
 48698  1109  118.0
 48698  1110  107.0
 48698  1111  101.0
 48698  1112   59.0
 48698  1201   44.0
 48698  1202   64.0
 48698  1203   65.0
 48698  1204   69.0
 48698  1205   48.0
 48698  1206  -11.0
 48698  1207  -82.0
 48698  1208  -93.0
 48698  1209 -107.0
 48698  1210 -121.0
 48698  1211 -128.0
 48698  1212 -172.0
 48698  1301 -135.0
 48698  1302 -143.0
 48698  1303 -183.0
 48698  1304 -208.0
 48698  1305 -113.0
 48698  1306   47.0
 48698  1307   88.0
 48698  1308   93.0
 48698  1309   87.0
 48698  1310  110.0
 48698  1311   90.0
