1953.03833     22.00
1953.12329     21.00
1953.19995     19.00
1953.28491     14.00
1953.36707     11.00
1953.45203      8.00
1953.53430      7.00
1953.61914      5.00
1953.70410      2.80
1953.78625      1.00
1953.87122     -1.50
1953.95337     -6.00
1954.03833    -11.00
1954.12329    -16.00
1954.19995    -20.00
1954.28491    -22.00
1954.36707    -23.50
1954.45203    -23.00
1954.53430    -24.50
1954.61914    -25.00
1954.70410    -18.50
1954.78625    -10.00
1954.87122      6.00
1954.95337      7.50
1955.03833     10.50
1955.12329     10.80
1955.19995     10.50
1955.28491     14.50
1955.36707     19.00
1955.45203     18.50
1955.53430     19.00
1955.61914     21.10
1955.70410     18.00
1955.78625     16.30
1955.87122      6.60
1955.95337      5.90
1956.03821     -2.20
1956.12292     -6.20
1956.20215    -11.20
1956.28687    -22.40
1956.36890    -22.20
1956.45349    -25.20
1956.53552    -24.90
1956.62024    -26.60
1956.70496    -28.20
1956.78687    -27.60
1956.87158    -24.60
1956.95349     -8.40
1957.03833     -2.10
1957.12329     -1.30
1957.19995      9.20
1957.28491     12.00
1957.36707     13.70
1957.45203     14.10
1957.53430     14.70
1957.61914     16.00
1957.70410     18.00
1957.78625     14.40
1957.87122     11.70
1957.95337     11.00
1958.03833      6.00
1958.12329      4.90
1958.19995      3.70
1958.28491     -6.30
1958.36707    -19.70
1958.45203    -20.40
1958.53430    -23.30
1958.61914    -25.70
1958.70410    -27.70
1958.78625    -30.40
1958.87122    -33.70
1958.95337    -33.00
1959.03833    -26.70
1959.12329    -25.80
1959.19995    -25.50
1959.28491    -21.70
1959.36707     -6.00
1959.45203     13.50
1959.53430     20.70
1959.61914     19.30
1959.70410     19.00
1959.78625     12.70
1959.87122      8.30
1959.95337      4.00
1960.03821     -0.20
1960.12292     -1.80
1960.20215     -4.60
1960.28687    -12.40
1960.36890    -18.20
1960.45349    -25.20
1960.53552    -26.00
1960.62024    -25.60
1960.70496    -25.50
1960.78687    -24.90
1960.87158    -20.80
1960.95349    -15.50
1961.03833     -1.30
1961.12329      2.90
1961.19995      3.80
1961.28491     11.40
1961.36707     14.20
1961.45203     18.10
1961.53430     14.00
1961.61914     12.60
1961.70410      8.90
1961.78625      9.80
1961.87122     12.50
1961.95337      6.90
1962.03833      5.50
1962.12329      6.90
1962.19995      4.90
1962.28491     -2.70
1962.36707    -16.10
1962.45203    -22.80
1962.53430    -25.20
1962.61914    -27.50
1962.70410    -28.00
1962.78625    -31.10
1962.87122    -30.20
1962.95337    -29.20
1963.03833    -28.20
1963.12329    -33.30
1963.19995    -34.60
1963.28491    -32.80
1963.36707    -31.70
1963.45203    -21.50
1963.53430     -1.50
1963.61914      3.60
1963.70410      8.50
1963.78625      6.50
1963.87122      7.00
1963.95337      7.00
1964.03821      3.50
1964.12292      2.00
1964.20215      5.40
1964.28687      6.40
1964.36890      6.80
1964.45349      6.10
1964.53552      2.70
1964.62024      3.70
1964.70496      2.00
1964.78687      3.20
1964.87158      1.50
1964.95349      1.90
1965.03833      0.70
1965.12329     -1.20
1965.19995     -3.70
1965.28491    -15.70
1965.36707    -24.20
1965.45203    -26.80
1965.53430    -28.70
1965.61914    -29.10
1965.70410    -32.10
1965.78625    -31.90
1965.87122    -34.40
1965.95337    -32.90
1966.03833    -30.20
1966.12329    -20.70
1966.19995     -7.00
1966.28491      5.70
1966.36707     13.60
1966.45203     16.00
1966.53430     14.80
1966.61914     15.30
1966.70410     18.20
1966.78625     16.00
1966.87122     14.40
1966.95337     14.80
1967.03833     14.80
1967.12329     14.50
1967.19995     10.50
1967.28491     10.10
1967.36707      5.30
1967.45203     -6.00
1967.53430    -16.50
1967.61914    -15.00
1967.70410    -16.60
1967.78625    -15.90
1967.87122    -19.70
1967.95337    -24.90
1968.03821    -19.60
1968.12292    -20.80
1968.20215    -25.30
1968.28687    -25.80
1968.36890    -23.20
1968.45349    -26.50
1968.53552    -31.40
1968.62024    -30.80
1968.70496    -31.90
1968.78687    -31.30
1968.87158    -20.70
1968.95349    -13.80
1969.03833      0.40
1969.12329      6.10
1969.19995     10.40
1969.28491     15.10
1969.36707     15.10
1969.45203     14.00
1969.53430     15.10
1969.61914     13.80
1969.70410     10.40
1969.78625      8.80
1969.87122      0.30
1969.95337     -5.40
1970.03833     -9.60
1970.12329    -14.70
1970.19995    -16.60
1970.28491    -22.90
1970.36707    -25.80
1970.45203    -29.40
1970.53430    -29.00
1970.61914    -30.60
1970.70410    -32.70
1970.78625    -32.90
1970.87122    -31.20
1970.95337    -18.90
1971.03833     -3.20
1971.12329      4.50
1971.19995     10.20
1971.28491     11.80
1971.36707     13.20
1971.45203     13.50
1971.53430     20.00
1971.61914     16.00
1971.70410     12.20
1971.78625     13.40
1971.87122     12.50
1971.95337     11.20
1972.03821      9.50
1972.12292      7.40
1972.20215      8.30
1972.28687      4.00
1972.36890    -18.70
1972.45349    -23.10
1972.53552    -24.60
1972.62024    -25.00
1972.70496    -27.30
1972.78687    -26.90
1972.87158    -28.40
1972.95349    -17.20
1973.03833      5.80
1973.12329     11.70
1973.19995     10.60
1973.28491     10.40
1973.36707     13.80
1973.45203     13.20
1973.53430     10.30
1973.61914      9.80
1973.70410      8.50
1973.78625      8.50
1973.87122      4.50
1973.95337      1.00
1974.03833     -1.40
1974.12329     -2.90
1974.19995     -3.10
1974.28491    -12.90
1974.36707    -22.50
1974.45203    -26.70
1974.53430    -28.20
1974.61914    -30.40
1974.70410    -29.80
1974.78625    -28.80
1974.87122    -29.20
1974.95337    -30.00
1975.03833    -30.50
1975.12329    -24.00
1975.19995     -8.50
1975.28491      5.00
1975.36707      9.30
1975.45203     17.10
1975.53430     17.00
1975.61914     15.30
1975.70410     15.20
1975.78625     14.50
1975.87122     15.00
1975.95337     15.70
1976.03821     12.90
1976.12292     12.40
1976.20215     12.30
1976.28687      9.90
1976.36890      3.00
1976.45349    -14.60
1976.53552    -22.00
1976.62024    -24.80
1976.70496    -20.50
1976.78687    -25.70
1976.87158    -23.00
1976.95349    -25.70
1977.03833    -27.00
1977.12329    -26.80
1977.19995    -27.50
1977.28491    -28.50
1977.36707    -28.00
1977.45203    -26.60
1977.53430    -14.00
1977.61914     -9.10
1977.70410      4.40
1977.78625      8.80
1977.87122     12.00
1977.95337     17.00
1978.03833     18.50
1978.12329     14.90
1978.19995     12.80
1978.28491     11.40
1978.36707     11.50
1978.45203     10.00
1978.53430      8.50
1978.61914      7.50
1978.70410      9.30
1978.78625      5.50
1978.87122      4.80
1978.95337      2.00
1979.03833      3.70
1979.12329      6.50
1979.19995     -7.50
1979.28491    -14.70
1979.36707    -23.60
1979.45203    -25.60
1979.53430    -26.40
1979.61914    -28.40
1979.70410    -27.40
1979.78625    -28.00
1979.87122    -27.10
1979.95337    -15.50
1980.03821      2.70
1980.12292      3.40
1980.20215      9.40
1980.28687     11.70
1980.36890     12.40
1980.45349     15.30
1980.53552     15.90
1980.62024     15.10
1980.70496     13.10
1980.78687     12.50
1980.87158     10.70
1980.95349     11.10
1981.03833     10.10
1981.12329      9.10
1981.19995      7.90
1981.28491      6.00
1981.36707    -13.60
1981.45203    -24.10
1981.53430    -26.90
1981.61914    -27.80
1981.70410    -28.10
1981.78625    -29.50
1981.87122    -28.90
1981.95337    -30.20
1982.03833    -30.20
1982.12329    -31.00
1982.19995    -31.60
1982.28491    -31.00
1982.36707    -29.10
1982.45203    -28.30
1982.53430    -14.50
1982.61914      7.20
1982.70410     11.90
1982.78625     13.70
1982.87122     11.70
1982.95337     16.40
1983.03833     15.70
1983.12329     15.10
1983.19995     13.40
1983.28491     12.80
1983.36707     10.80
1983.45203     -6.00
1983.53430    -15.20
1983.61914    -17.70
1983.70410    -19.90
1983.78625    -20.30
1983.87122    -25.20
1983.95337    -25.50
1984.03821    -27.50
1984.12292    -28.30
1984.20215    -28.30
1984.28687    -28.80
1984.36890    -32.10
1984.45349    -34.60
1984.53552    -35.40
1984.62024    -34.00
1984.70496    -33.50
1984.78687    -28.10
1984.87158     -2.20
1984.95349      6.50
1985.03833     11.00
1985.12329      8.70
1985.19995     14.10
1985.28491     13.70
1985.36707     13.90
1985.45203     11.50
1985.53430     10.00
1985.61914      8.50
1985.70410      9.30
1985.78625     10.00
1985.87122     10.20
1985.95337     11.90
1986.03833     15.20
1986.12329     14.80
1986.19995     14.20
1986.28491     10.60
1986.36707     -4.20
1986.45203    -19.40
1986.53430    -23.20
1986.61914    -22.90
1986.70410    -23.40
1986.78625    -24.10
1986.87122    -25.40
1986.95337    -26.70
1987.03833    -26.00
1987.12329    -26.60
1987.19995    -27.10
1987.28491    -27.00
1987.36707    -26.80
1987.45203    -24.70
1987.53430     -6.30
1987.61914      9.20
1987.70410     13.80
1987.78625     11.70
1987.87122      7.70
1987.95337      5.70
1988.03821      5.40
1988.12292      4.60
1988.20215      7.80
1988.28687      7.00
1988.36890      5.00
1988.45349     -2.30
1988.53552    -10.20
1988.62024     -6.30
1988.70496     -5.00
1988.78687     -8.10
1988.87158    -10.10
1988.95349     -9.90
1989.03833     -8.40
1989.12329     -4.00
1989.19995     -3.80
1989.28491    -15.00
1989.36707    -25.00
1989.45203    -28.10
1989.53430    -30.60
1989.61914    -30.00
1989.70410    -31.00
1989.78625    -30.70
1989.87122    -30.60
1989.95337    -28.20
1990.03833     -4.20
1990.12329     -3.20
1990.19995     10.90
1990.28491     12.40
1990.36707     12.40
1990.45203     15.20
1990.53430     13.10
1990.61914     13.50
1990.70410     13.00
1990.78625     10.90
1990.87122     11.00
1990.95337     13.40
1991.03833     11.40
1991.12329     12.70
1991.19995     10.50
1991.28491      9.20
1991.36707     -6.70
1991.45203    -20.90
1991.53430    -25.00
1991.61914    -23.10
1991.70410    -21.50
1991.78625    -22.20
1991.87122    -24.20
1991.95337    -25.30
1992.03821    -25.30
1992.12292    -25.40
1992.20215    -26.00
1992.28687    -26.20
1992.36890    -27.50
1992.45349    -26.80
1992.53552     -7.90
1992.62024      0.80
1992.70496      7.50
1992.78687     11.20
1992.87158     14.10
1992.95349     17.60
1993.03833     15.50
1993.12329     16.40
1993.19995     17.00
1993.28491     11.20
1993.36707     10.80
1993.45203      4.80
1993.53430     -1.00
1993.61914     -0.80
1993.70410     -4.40
1993.78625    -11.10
1993.87122    -20.50
1993.95337    -24.00
1994.03833    -25.10
1994.12329    -26.50
1994.19995    -29.10
1994.28491    -29.80
1994.36707    -31.80
1994.45203    -32.80
1994.53430    -33.80
1994.61914    -33.60
1994.70410    -27.10
1994.78625     -0.90
1994.87122     10.90
1994.95337     16.70
1995.03833     17.80
1995.12329     11.50
1995.19995      8.60
1995.28491     11.00
1995.36707     15.50
1995.45203     15.10
1995.53430     12.50
1995.61914      7.20
1995.70410      3.40
1995.78625     -3.20
1995.87122    -13.10
1995.95337    -16.90
1996.03821    -18.30
1996.12292    -20.20
1996.20215    -23.90
1996.28687    -27.70
1996.36890    -30.70
1996.45349    -33.00
1996.53552    -32.50
1996.62024    -34.60
1996.70496    -35.50
1996.78687    -34.90
1996.87158    -28.40
1996.95349     -5.60
1997.03833      2.20
1997.12329     10.00
1997.19995     10.60
1997.28491     15.10
1997.36707     15.10
1997.45203     16.70
1997.53430     14.10
1997.61914     11.40
1997.70410      9.70
1997.78625      7.50
1997.87122      1.50
1997.95337     -4.90
1998.03833     -5.00
1998.12329     -5.70
1998.19995    -12.70
1998.28491    -25.30
1998.36707    -28.00
1998.45203    -29.70
1998.53430    -30.80
1998.61914    -32.10
1998.70410    -31.10
1998.78625    -29.20
1998.87122     -6.80
1998.95337      7.00
1999.03833      9.90
1999.12329     13.10
1999.19995      9.80
1999.28491     14.00
1999.36707     12.60
1999.45203     13.70
1999.53430     11.10
1999.61914     11.00
1999.70410     10.10
1999.78625      9.10
1999.87122      4.70
1999.95337      6.10
2000.03821      7.40
2000.12292      9.50
2000.20215     11.30
2000.28687      6.10
2000.36890     -7.10
2000.45349    -22.70
2000.53552    -28.20
2000.62024    -29.40
2000.70496    -28.80
2000.78687    -27.50
2000.87158    -25.30
2000.95349    -25.90
2001.03833    -28.40
2001.12329    -27.20
2001.19995    -26.90
2001.28491    -30.90
2001.36707    -31.80
2001.45203    -33.10
2001.53430    -34.90
2001.61914    -35.40
2001.70410    -30.70
2001.78625    -13.60
2001.87122      2.10
2001.95337     14.00
2002.03833     11.80
2002.12329     14.80
2002.19995     15.80
2002.28491     12.90
2002.36707     13.30
2002.45203      9.20
2002.53430     10.30
2002.61914      8.30
2002.70410      6.50
2002.78625      4.10
2002.87122     -4.20
2002.95337     -4.10
2003.03833     -1.40
2003.12329     -0.20
2003.19995     -7.30
2003.28491    -19.40
2003.36707    -26.90
2003.45203    -28.80
2003.53430    -31.30
2003.61914    -31.80
2003.70410    -31.30
2003.78625    -31.20
2003.87122    -32.10
2003.95337    -16.50
2004.03821     -1.60
2004.12292      7.80
2004.20215     11.20
2004.28687     12.60
2004.36890     12.00
2004.45349      9.50
2004.53552      9.00
2004.62024      9.80
2004.70496      8.80
2004.78687      7.30
2004.87158      4.80
2004.95349      1.40
2005.03833     -1.80
2005.12329      1.80
2005.19995     -0.90
2005.28491    -17.80
2005.36707    -26.60
2005.45203    -28.60
2005.53430    -30.90
2005.61914    -31.60
2005.70410    -31.80
2005.78625    -32.00
2005.87122    -33.30
2005.95337    -32.40
2006.03833    -28.80
2006.12329     -9.30
2006.19995      8.30
2006.28491      8.50
2006.36707     10.60
2006.45203     12.30
2006.53430     12.60
2006.61914      7.10
2006.70410     10.90
2006.78625      9.30
2006.87122      8.90
2006.95337      7.30
2007.03833      5.40
2007.12329      5.30
2007.19995      1.40
2007.28491    -14.70
2007.36707    -25.30
2007.45203    -29.70
2007.53430    -31.30
2007.61914    -31.60
2007.70410    -32.10
2007.78625    -31.60
2007.87122    -32.00
2007.95337    -26.50
2008.03821    -12.60
2008.12292      3.80
2008.20215     11.20
2008.28687     12.40
2008.36890     12.40
2008.45349     15.70
2008.53552     13.50
2008.62024     11.80
2008.70496     10.50
2008.78687      9.30
2008.87158      7.50
2008.95349     11.10
2009.03833     11.90
2009.12329     15.50
2009.19995     11.80
2009.28491     10.30
2009.36707      3.20
2009.45203    -13.40
2009.53430    -22.70
2009.61914    -21.80
2009.70410    -22.00
2009.78625    -19.90
2009.87122    -25.20
2009.95337    -25.90
2010.03833    -26.50
2010.12329    -27.20
2010.19995    -26.90
2010.28491    -27.10
2010.36707    -26.30
2010.45203    -28.50
2010.53430     -5.90
2010.61914     11.70
2010.70410     13.40
2010.78625     11.60
2010.87122     11.80
2010.95337      8.30
2011.03833      9.70
2011.12329      9.70
2011.19995     10.10
2011.28491      9.20
2011.36707      9.60
2011.45203      7.00
2011.53430      0.90
2011.61914      2.50
2011.70410     -3.20
2011.78625     -7.50
2011.87122    -18.90
2011.95337    -23.90
2012.03821    -23.80
2012.12292    -21.30
2012.20215    -21.70
2012.28687    -25.70
2012.36890    -30.60
2012.45349    -32.50
2012.53552    -32.60
2012.62024    -34.70
2012.70496    -33.10
2012.78687    -33.60
2012.87158    -33.50
2012.95349    -16.10
2013.03833     -4.70
2013.12329      1.80
2013.19995      8.90
2013.28491     10.20
2013.36707     10.90
2013.45203     15.70
2013.53430     14.70
2013.61914     12.20
2013.70410     13.90
2013.78625     11.90
2013.87122     11.80
2013.95337     11.70
2014.03833     14.80
2014.12329     12.60
2014.19995     11.30
2014.28491      8.80
2014.36707    -13.10
2014.45203    -25.80
2014.53430    -30.70
2014.61914    -29.50
2014.70410    -31.70
2014.78625    -32.30
2014.87122    -31.20
2014.95337    -28.70
2015.03833    -27.80
2015.12329    -29.50
2015.19995    -31.40
2015.28491    -31.10
2015.36707    -14.00
2015.45203      7.50
2015.53430     12.90
2015.61914     13.50
2015.70410     16.20
2015.78625     13.20
2015.87122     13.80
2015.95337      8.90
2016.03821     10.00
2016.12292      9.50
2016.20215      2.10
2016.28687     -1.40
2016.36890      5.30
2016.45349      7.00
2016.53552     10.50
2016.62024     15.70
2016.70496     15.20
2016.78687     14.20
2016.87158     15.70
2016.95349     17.60
2017.03833     17.10
2017.12329     17.70
2017.19995     15.30
2017.28491     13.60
2017.36707      5.80
2017.45203    -14.50
2017.53430    -25.60
